tv
1416
2734
4614
1622
456
1911
79744
22980
549
95479
1434
60574
2224
1431
1408
1399
59941
5920
2661
4057
61818
33238
4604
95557
34307
57243
764
1433
8962
60732
4087
1421
4607
1668
46952
63770
66732
1405
3452
4629
2316
1396
141
202555
39351
32415
49011
209867
85077
30984
60572
1620
124364
32798
2190
18347
44006
1400
1973
1419
71790
1412
82873
76479
17610
71712
57532
1100
2595
1438
18165
60735
279388
111110
1411
3562
1402
4656
4608
75219
37680
1398
56570
12225
250307
70672
14929
4386
80748
1667
13916
693
44217
3034
73586
91239
30983
63174
62650
2691
32692
58841
65701
5092
15260
4419
1407
1415
1705
4598
4556
1435
1404
5021
1508
31132
2912
208569
60625
65334
5660
12971
87917
202411
120089
655
46298
45790
108978
60059
2406
57706
4601
1695
2288
71728
688
90
2685
1855
31910
1413
117465
60622
41956
49009
42009
290856
4396
46260
4586
502
57911
1981
4177
253
245927
873
3022
2625
2593
39272
226285
4588
56296
1489
1395
790
1649
67136
4620
34524
259265
220150
37854
1417
14658
269
30981
46296
32726
4239
1877
1920
1447
39859
45140
2458
220542
74016
76572
484
60708
4546
2122
4574
223911
69050
1403
48866
31251
61457
127706
249597
90802
1639
1409
186
1104
48891
246246
4920
80006
71912
71026
85552
8514
2004
2025
93405
48865
100010
1021
204746
1424
3137
226637
3968
78191
63247
33765
36
39269
91121
127532
21510
1418
580
62688
6357
67026
615
95
62643
1018
94664
42705
32895
2710
72896
45
1422
2171
211288
63639
94997
103147
65494
4630
94372
3050
31911
14210
61889
99121
39340
1554
578
93
31572
121
46195
153312
2290
82728
1940
72649
38693
1062
46648
2527
1823
39429
37678
2352
4349
119051
67198
136311
2875
33217
1606
54393
709
4018
66046
4482
224372
65931
1420
63329
10160
12786
71789
101172
31991
60797
34163
2303
46392
210879
5829
1908
65282
40
4194
3172
4454
77169
2327
9890
2750
76669
600
62710
1428
85991
225891
65270
4333
1181
68074
2384
69478
63401
1215
111803
61511
18779
14069
105
65942
503
4616
61381
2287
60585
60761
3750
198182
1432
3570
1414
66025
314
46896
61222
106
2389
11174
114478
15819
1685
6081
61418
42444
203737
39185
2370
3769
139060
89393
734
128904
31917
3670
93740
918
607
62286
4582
2354
97525
47480
95057
240459
1429
35279
39793
83867
73833
1972
45857
65763
79696
15226
106379
4238
4515
50712
45950
331
10545
1950
100088
243881
8592
35610
52910
3382
60694
69158
67075
157741
46786
86848
496
2426
64356
61056
129552
20695
2473
61692
94605
5371
40075
4270
31724
2098
4357
20111
1516
45247
96316
31936
69500
46261
900
4455
30
154524
73375
3940
512
110492
119495
80350
194
1558
200709
61852
28502
474
69309
67133
12337
62117
74321
62852
2604
82856
1621
2140
32910
113962
108545
41727
30977
64513
83936
72517
67116
67384
61662
61374
46732
87940
95396
97951
38464
162
76331
123249
4589
651
47665
79061
121658
71694
61387
3716
32368
194766
154526
67460
69740
4660
83631
61923
116799
271
13286
42573
97
83121
261145
4229
125988
46437
45782
2947
4464
37632
6127
60863
11982
1486
10283
1781
37606
258865
82
61175
2317
12536
108178
131041
1948
66840
17404
2673
3828
52814
4414
212989
605
33907
95842
79593
207468
124101
158154
27845
38251
63333
19885
39297
71886
242867
2919
72350
225171
125935
50825
195670
70523
157744
62649
61378
126027
86831
247718
3253
4610
34742
39276
44857
76075
66370
213402
112732
4266
2585
110316
45094
2093
902
87108
76757
95480
198102
47035
43865
121964
7869
3845
240
3322
84773
1596
84958
46880
68854
39358
259819
47640
63926
201834
62560
292474
1423
68073
255661
91363
953
46533
1660
71785
60802
4046
14814
200875
240740
172
46004
987
30991
1425
500
4606
120317
67667
65708
106158
71738
90937
95205
53787
3764
63351
14451
301507
2304
107124
21220
341
84910
75450
7225
80752
4571
257519
63398
32868
249907
94954
2855
240411
1930
1274
13859
1059
2883
62564
3772
96026
107113
66627
2985
3097
34634
1906
241372
136315
81292
1475
1998
88324
35894
4271
424
50
1549
73362
3346
1678
494
2840
61733
81329
888
114655
4269
61345
60573
103254
117488
5375
43901
85949
21762
5050
1436
2233
280110
61440
259140
93166
40008
3696
36877
100281
279041
76773
74280
61865
66875
237529
4860
50035
65336
1803
62017
256721
60554
204832
97546
98123
93449
71914
65844
35790
2398
4392
66671
36046
35024
97645
1706
97617
62320
879
44264
114410
131378
5080
3763
4613
33056
799
219246
85948
46412
2345
68654
46052
157239
58937
947
31497
4686
196400
2474
1777
119769
60866
34967
37305
1830
46661
79501
158373
63706
229192
299172
75006
65305
271607
74440
235635
61663
2328
105009
4278
2181
227975
82596
1719
32815
207250
138357
3934
1739
113808
207784
8358
67178
5687
51817
112613
102321
60833
3163
44277
80671
68398
37759
1892
103913
61746
31654
71446
222023
2822
273160
2942
233592
897
104711
83612
82591
112888
197368
82428
896
281016
208493
1026
65294
82684
30980
3477
252
38472
7235
4658
1027
2567
124920
160
64196
81356
37472
126308
223500
90282
46928
1401
71663
90812
634
33880
67040
100757
3476
115857
72311
4448
121787
61751
206799
250060
219760
105971
262928
117024
4602
3033
61405
254017
90955
202297
4681
8392
117581
93221
10151
34891
254821
56219
64199
276393
34109
85349
17937
2355
116450
46518
79
65930
59659
758
18123
3051
61628
71715
216074
5031
99489
117376
61339
61367
236994
208891
1449
95269
32632
89247
4327
42509
155780
4881
136915
566
70796
100049
96580
384
67883
118357
400
247723
95550
61565
43168
233194
201874
2617
4545
106301
10377
73544
62238
271609
37585
5273
32390
21755
504
204266
1925
278196
259731
251
223530
1242
90872
43982
3876
111177
79611
62
3611
4344
13837
4020
654
77947
61459
604
81499
61415
64163
61933
39107
433
66203
85937
72237
66980
4318
79242
213306
235758
65417
18520
101048
62974
62126
62255
1974
58832
285291
218539
107365
13265
62413
68507
91997
80623
66310
281009
241454
96738
43125
31941
30093
39373
209707
1082
111576
2343
6040
67063
75787
3114
51704
29310
21730
100565
114477
292035
82782
1439
90027
10906
9899
18014
92461
131927
9410
62565
46262
277665
2038
2153
3719
61223
60888
67229
83100
1437
32419
111255
75820
120155
108255
37807
4360
122194
216445
139130
712
121848
18352
62517
283673
10219
282846
2720
69630
211684
249854
62822
21494
12998
100988
240932
91174
24710
45845
153657
1682
1546
90228
82708
99995
88384
96402
31295
246862
237748
255055
34415
365
31736
61461
208397
40302
43348
1568
110309
85853
1749
16395
14009
1952
2490
4402
99969
87739
9877
5857
105248
156688
42421
65676
69316
214160
44856
19845
45209
85843
25117
115036
5307
61406
281044
31499
46879
103540
61550
206484
73021
135934
76059
79622
43017
271576
8379
59427
2041
234
243216
32803
4250
1063
120013
107255
15632
72610
42500
210733
78173
111819
66103
241811
62084
3713
78471
209077
5200
289560
321
26867
1849
203857
43221
65495
122826
33213
2211
278704
194764
64710
1769
58474
15768
98986
204716
55866
261868
11567
94951
286801
32709
277222
10048
116725
34791
284838
2612
39379
2586
157616
31109
244189
281010
61864
103768
68295
61664
66250
58981
936
62181
10000
2045
114471
45844
113137
7704
901
58111
7038
65712
64387
316790
70983
2399
45194
154494
132664
156510
238843
198004
63623
14956
125282
118303
5022
39357
72505
787
279136
2023
115694
259909
4438
492
63406
3414
236338
43097
229676
136283
71769
103
46286
253811
52083
13587
202308
62327
61431
124834
68129
652
114695
17611
80736
63161
247767
250162
68814
42916
67175
1480
90521
242762
5690
245026
211
89572
113036
5148
4550
112138
220269
138502
257992
84200
207863
81502
2418
92090
42295
256744
252320
1229
138441
53721
43004
94404
233912
478
80054
62474
206828
65329
2583
254953
39510
37471
66078
60603
13941
100883
127641
5895
204024
285739
236385
11285
2382
106502
32573
1487
237565
387
202102
4615
310935
3406
10305
100350
1999
63164
2284
14763
31631
137045
99530
13674
33623
234995
212588
1712
128071
9907
155292
253193
4107
78473
276880
4275
83095
42272
85021
102085
67195
120462
237512
31766
198152
154743
241549
2560
104699
26453
224527
76033
85519
12662
124396
92579
36041
18053
45013
80230
138501
254474
213830
201992
45501
63157
217211
156197
4579
4382
96816
72736
243140
33091
62875
60728
91552
202998
121509
281013
208067
126929
82822
237150
2142
157571
931
71116
2085
67676
42729
245292
1895
2309
91094
204635
300054
232230
68005
194986
60667
35138
215720
75214
80281
2966
97890
254853
75758
68680
90296
115236
85922
90461
66958
4493
78254
37584
83509
61529
258680
7098
111800
75117
67697
31709
78950
56353
1427
17463
33922
1750
243006
62569
225634
19092
206
221
29200
156911
91768
126280
110382
2191
12050
4241
80986
93716
3319
86430
62335
195339
6550
213442
64541
47450
2798
77694
36771
113378
1426
74415
71915
2312
71453
65988
62450
65817
99073
154521
62481
122369
33
1812
93256
61833
71360
201289
241609
25722
62823
113256
37851
2126
154385
38867
60846
97084
21732
62741
96451
202284
91764
37681
219937
83097
93287
202097
32022
13549
92592
92611
17174
260823
196040
21731
23374
82766
65949
212963
99799
293144
815
69061
2777
100436
76231
90660
88046
272711
9041
33025
249695
98748
5107
134373
73036
197067
18614
210
21788
45997
46930
61119
80713
113988
278577
83251
69557
240682
16660
285788
123525
216272
281161
195966
262700
81127
77396
43775
83314
79788
255064
1293
62959
3425
67126
36629
67557
53296
13922
3840
2428
62455
79588
239214
46028
67419
207743
72844
214875
61886
130368
67575
25492
281058
101591
85385
88396
34391
71024
72748
236033
254071
67628
66676
121792
99083
410
87428
5566
3814
198170
74035
81046
4332
203489
114868
2362
112160
155226
91602
80213
63663
34075
118541
129959
16997
8838
100022
69236
91875
14525
30778
75208
78204
128839
70881
11105
117821
108184
2692
195407
80884
107408
31730
61259
231280
34186
81074
127714
120911
45388
62273
18653
56590
3470
39898
66111
39325
1921
272059
156218
118234
64010
32900
272118
72
295366
68267
219063
61695
23406
2275
235351
243501
285356
245684
69017
156898
88803
4345
95171
3556
75777
250504
36983
280945
127599
73157
64228
91026
13844
44684
276349
15871
38148
46671
3308
3200
133748
221851
38003
69346
46922
194718
100368
20432
89440
123818
68071
63712
259544
262254
280948
42942
37858
71578
274671
197449
67265
261128
78798
5639
278378
92649
1375
112738
204541
194774
37101
75975
72705
877
106393
82895
69293
228026
2306
78
61441
210181
46975
66830
229202
117378
207484
24684
14689
232926
80564
246386
17287
79084
247859
130464
87478
79166
63145
67015
240446
1365
62264
106009
109958
4507
83135
81133
3222
2286
90677
252193
606
50042
9895
251941
96942
125928
86686
25080
241628
64706
6972
108891
63409
271649
46350
80573
94693
108181
71493
61148
202307
214540
1964
196369
70573
71340
60811
95594
4076
65648
286791
95486
10393
60803
44371
61854
83524
43078
211051
76759
62773
229443
61398
10099
42445
21750
284
260689
203040
81114
71737
70047
51828
299778
124727
216523
126725
81983
2429
5157
138948
59375
214264
12964
243224
131141
118956
249545
219543
94796
44305
3854
2566
996
10118
127327
229926
102774
12409
543
4459
26707
205072
11089
222785
54671
61112
260609
65493
2235
289892
1931
249042
262929
16420
2530
124067
201889
94028
39362
94686
203687
70649
229609
63576
154825
18632
279216
37780
119845
64375
240150
114656
313298
539
133938
136044
134667
85990
276253
1098
62487
476
90855
75191
233347
194583
3902
114472
3345
157367
66558
15641
81358
196285
65798
98892
66584
15158
7714
3856
82452
107001
92788
54
61423
130765
30810
64254
250994
520
96914
212204
3486
7011
98491
94541
50180
34216
86423
7087
53425
56998
216
156563
241860
70626
35507
254476
124010
116727
298026
285386
71225
61871
252640
92830
76139
73925
133282
33951
217409
155440
61915
117303
112624
222233
63522
126824
93749
9045
157950
81667
71225
61871
252640
92830
76139
73925
133282
33951
217409
155440
61915
117303
112624
222233
63522
126824
93749
9045
157950
81667
71225
61871
252640
92830
76139
73925
133282
33951
217409
155440
61915
117303
112624
222233
63522
126824
93749
9045
157950
81667
71225
61871
252640
92830
76139
73925
133282
33951
217409
155440
61915
117303
112624
222233
63522
126824
93749
9045
157950
81667
71225
61871
252640
92830
76139
73925
133282
33951
217409
155440
61915
117303
112624
222233
63522
126824
93749
9045
157950
81667
121702
11279
212055
4575
4015
167
2742
66551
80537
124643
2437
134843
118821
114413
2184
13778
62884
71904
211564
34045
121702
11279
212055
4575
4015
167
2742
66551
80537
124643
2437
134843
118821
114413
2184
13778
62884
71904
211564
34045
121702
11279
212055
4575
4015
167
2742
66551
80537
124643
2437
134843
118821
114413
2184
13778
62884
71904
211564
34045
121702
11279
212055
4575
4015
167
2742
66551
80537
124643
2437
134843
118821
114413
2184
13778
62884
71904
211564
34045
121702
11279
212055
4575
4015
167
2742
66551
80537
124643
2437
134843
118821
114413
2184
13778
62884
71904
211564
34045
158258
94244
157226
61408
3810
9103
234910
81141
56343
67111
95631
42589
1600
83659
96203
91275
241554
209845
158258
94244
157226
61408
3810
9103
234910
81141
56343
67111
95631
42589
1600
83659
96203
91275
241554
209845
158258
94244
157226
61408
3810
9103
234910
81141
56343
67111
95631
42589
1600
83659
96203
91275
241554
209845
158258
94244
157226
61408
3810
9103
234910
81141
280100
56343
67111
95631
42589
1600
83659
96203
91275
241554
209845
158258
94244
157226
61408
13375
3810
9103
234910
81141
56343
67111
95631
42589
1600
83659
96203
91275
241554
209845
280945
286654
285838
285836
204082
225303
224330
271336
203734
255293
93265
69480
87108
213333
65824
41997
30981
81999
68398
70177
32910
201110
61056
69555
75387
504
62763
322928
295532
225891
307913
224372
223530
200875
228305
256711
207484
259909
286170
257720
247718
243217
254653
283279
250307
244321
219937
219971
157741
90228
222766
275923
235635
261317
194764
231394
236234
280557
206586
247511
201834
157950
157732
303470
195459
217211
245334
211684
194583
197373
225658
203737
208397
217216
100088
207863
263017
157744
153312
119495
128098
158522
134667
201992
125940
136248
207055
204381
128904
103516
52814
124364
107365
119845
108978
155892
81723
110492
118357
116450
158618
117488
97951
131927
128839
92553
124394
111803
99652
124101
115004
106158
95057
96580
100771
94305
97890
85948
87017
105313
93812
85862
81241
95941
83949
79086
87428
67198
71694
69630
69478
70215
66292
66871
62417
66803
63247
67136
66902
68073
65227
64432
62649
62650
60858
62560
62884
63726
62137
63090
60948
60735
49157
56570
54650
95388
61782
48866
47665
60839
46648
58841
60603
60625
57092
292303
51704
221962
46786
46533
61581
41283
44549
44006
44857
44305
43097
64874
39269
42738
38881
46286
39351
41956
1407
1411
37680
1399
34971
33473
33765
33907
19885
31631
32608
16997
21762
46296
31941
18779
18204
8592
14808
14814
1418
1104
3780
4608
4278
656
1447
10222
1100
2288
1891
1999
1416
57243
2316
1778
11466
1972
693
71365
269
1695
1438
4601
4613
2996
2734
387
1398
4454
4629
1668
2328
636
549
4396
13780
117658
873
222618
294862
253259
214081
87820
106524
85853
323418
323411
324222
323903
258036
288595
305301
303417
256624
296821
294584
293496
293155
292460
288403
241275
288517
279557
278800
256201
245746
276328
261508
271080
263314
261224
271493
246188
252284
194741
249419
246462
221619
246236
250859
238128
209479
238585
242071
209280
238081
234994
237255
231811
206014
232319
231905
222117
219993
231240
201582
237879
228828
228074
223642
224615
223302
227275
218976
219445
210178
232051
213767
228235
209027
208880
157062
205242
158704
202451
202140
226340
157084
114926
158423
154359
157275
230648
131388
227294
135136
133138
128481
130842
129035
125297
124518
119191
207687
225860
117946
129265
115165
114077
94046
113370
96628
127554
106091
113220
105839
104361
118543
85021
101567
102832
101543
101137
100762
216556
94902
216554
92388
91497
93891
86686
123549
92739
88931
87984
88358
88088
87356
228754
85547
86743
85052
216553
216552
83737
84156
83181
82681
77236
82113
81005
243062
214894
79005
79243
79013
79003
75191
77471
76526
76300
76179
77192
75332
75262
67804
107399
73554
74175
70496
90746
67232
70940
67832
67773
67752
66402
66737
66316
66384
65988
65772
64835
66567
47450
66869
107201
63804
62286
63593
62336
62593
64302
61345
230384
82064
61112
47640
59659
61244
60905
57276
57273
60556
57753
47323
89401
47141
49010
46619
42295
46873
44983
59526
43882
43323
43706
42004
41670
43831
1401
39259
39103
32022
1402
23843
18830
17140
7087
29988
20088
11380
115200
2391
286772
277439
252107
285404
270476
314916
316832
245318
108181
315800
257992
230936
225171
252000
292130
291361
221079
299236
296976
196890
230935
215995
291416
248830
241554
262594
241491
241609
286622
285310
247767
216412
209876
239362
243477
282727
230365
257945
246381
276501
274382
240920
147050
234310
195305
231000
259811
130853
251604
259684
253983
114924
157434
120549
256693
157226
237853
208251
226745
156933
197124
251927
196322
197591
203744
248287
157367
155533
197459
247104
197125
237890
239748
157368
46518
204490
238126
202411
213338
235851
234800
117303
228096
213337
231963
131992
231319
204358
198102
123192
112211
116793
155534
125988
219056
207311
223528
218961
201289
118534
216681
205164
194704
107593
221517
138169
221490
137735
128066
125000
156820
136311
217658
216343
106116
209131
213359
209130
95341
205258
206235
207639
199318
153307
108664
135198
127641
205441
204087
155537
197449
201710
95171
123854
108171
158333
118536
106388
196583
157002
136741
195352
95480
110382
117821
155493
155714
95396
156746
100414
106454
104002
153571
137220
136300
102540
125991
119955
94245
127235
133153
133727
133152
123149
133106
93740
124897
126397
98892
119181
95839
124339
125301
93716
119934
110948
111834
110818
112148
108305
108303
106871
97546
106727
103783
104148
103913
104022
98200
98198
98177
87784
102817
98730
98161
100853
98178
97363
94951
80336
80054
88055
93967
93520
93519
91249
90282
89901
87917
80752
72610
1240
2957
310206
310167
308717
258918
308554
297025
301507
307275
292361
304307
255719
303379
303715
296579
303175
271053
303321
303876
284736
271267
284838
302437
291431
276643
302060
305010
300719
308867
302052
297005
258190
298756
299126
293298
298814
298714
301206
298874
307349
296157
274642
296826
277831
306874
296652
262352
244447
287967
293088
295750
294678
295122
294035
254013
291926
292286
226749
277685
292065
245372
113959
291493
290392
290200
290038
289776
288471
289459
246461
289074
288377
288814
288809
284656
284783
287752
287966
285548
287532
283393
255570
286978
244628
285128
285970
285290
283862
285652
276553
248330
282670
248361
259453
284974
239615
283252
248752
283272
283275
283274
278639
282633
283152
282217
282237
280396
252174
282108
283394
279448
260471
281228
242706
280454
282024
241431
237347
272306
279796
279157
296240
278374
278148
279050
201646
277784
277586
275117
254514
276348
251941
276226
315947
275733
257993
283037
273442
278645
223518
273801
253896
243875
272429
224011
273251
216619
270506
273306
272719
273184
261802
249695
232018
220233
271924
226637
271005
260843
283504
270658
260231
261950
284652
260253
262358
260229
259096
259271
260681
232821
241337
261393
259739
258919
258983
225265
259045
258342
256162
257916
293033
258108
258587
253314
257527
211169
255972
256347
256203
253268
256075
255886
245929
255960
254943
253389
242102
245901
251088
254552
241272
253912
252660
250590
253266
253264
252728
252748
252968
252767
250666
248776
226698
251463
251978
249301
129398
251565
244999
250852
241230
215253
250751
241071
242895
250064
246480
245441
250565
250484
249833
239909
105532
251360
206829
241231
247623
257807
288843
245235
246323
211288
245993
245989
243623
246667
245634
237238
244908
242535
243732
242945
243754
243417
242990
242833
242242
243480
242350
243237
202224
231730
242386
243632
214224
99737
241534
241095
238986
241142
240852
221486
282213
240143
239614
232331
275502
238179
235665
239234
238683
284536
233816
237262
238008
237428
236250
280618
234035
236833
236734
236045
236436
236590
234613
236277
235769
234016
233600
235825
209799
273157
131033
240547
235814
217272
256337
234583
234660
234522
252119
234284
231340
234304
233827
233765
233651
233544
233740
233207
233121
233049
232863
228788
231396
233720
232058
231625
228740
231988
231824
230519
228355
231466
229516
228649
230044
132016
230463
229166
230187
155495
224386
229139
228869
228622
228329
227158
228113
135251
228562
221880
227484
227542
220594
137075
224382
226774
227543
223237
227143
225742
217439
204944
226494
225037
225783
96237
124800
126726
224873
224360
224357
224037
223802
210479
259530
223676
224079
223572
211562
220897
226660
211564
222501
221861
221918
231644
220670
216795
222276
225702
218915
200865
218629
219931
286277
47663
219824
218805
218923
219470
215943
212422
126725
218138
217751
217748
217646
216562
208569
217468
216905
216374
218602
216464
216785
215952
214509
215537
214719
215449
215307
236335
213083
214290
196201
214132
214472
210052
286835
214627
210373
213705
220687
212761
212626
212457
202297
157603
155437
219004
247813
209752
210688
210455
210474
196200
195911
128023
127031
208525
210471
208806
94997
208549
254281
208899
208398
205568
207795
211840
207747
156880
207252
110531
208694
155772
206500
205955
205725
204899
156053
203728
205373
204885
152261
203282
205444
204717
203427
204948
213050
223882
203450
207185
203117
201123
203453
206971
81322
158756
213961
202419
203767
203645
122196
201310
194703
125949
225153
196111
197800
197400
157594
137082
90296
221531
195099
157023
116761
213311
107120
206588
137077
129502
118303
113566
158320
205457
158787
194690
124067
157952
158534
109939
139087
139349
155431
156766
155588
153269
131195
127399
153802
153779
106308
154518
128108
154167
153805
127021
133922
131204
153402
129500
253633
196035
133485
153863
152365
153309
131258
139086
154688
131206
113987
128594
135344
133723
138955
137681
134373
137164
138074
122197
137083
137140
137184
204579
138521
129897
131875
209127
126031
131207
126945
131190
124438
136203
155063
132076
130219
133363
197322
131211
119916
135001
132639
126029
131201
112077
133169
134389
130467
131203
133774
126949
126032
126028
124437
131205
131139
131666
95215
126423
128966
129481
129821
121481
106148
129157
127632
106502
95249
307532
128466
128056
203218
124851
119142
93288
122821
119985
122063
114587
80828
117909
99544
119761
114584
96718
206593
114589
118321
136624
118394
116111
116816
114564
99121
114722
114721
210681
116455
113207
114656
116124
116106
261349
115929
115079
114375
96717
93287
112111
127305
90812
202352
83851
110971
111820
110173
108173
107615
111126
108154
90259
88713
111633
49920
107616
82816
106978
105282
105790
94038
103023
105667
104674
102619
99595
79680
99541
88166
137089
95170
105714
89905
95791
102287
96072
87393
96119
100369
103415
100383
83870
99530
99521
99601
96213
100820
96308
139790
98637
90811
89393
114312
88408
96026
98410
23299
120670
96152
95913
120256
95406
68507
81879
94923
79788
249432
93693
92611
76692
104635
82782
91752
89235
90877
91514
91213
90521
87518
103525
100156
90399
85552
87107
84303
202582
256348
87148
87104
103531
88754
86163
88401
90014
73544
90628
87842
87773
86598
205475
87542
70617
100157
86845
85519
85904
106244
85758
83280
85655
84910
87247
78154
122676
85980
83114
80550
79744
78101
92763
82400
88478
87520
90680
92748
81187
81749
110038
80991
83267
70453
89095
209427
309367
80588
76331
83357
79792
86528
79174
76420
78570
77397
73107
198205
76831
122831
75506
77974
75968
75944
93162
218016
76238
72071
75219
72340
295586
75950
74834
76491
87738
223826
83393
74342
71728
71712
78364
73610
65817
82519
79795
72748
73618
72581
74284
72442
93038
153582
78839
128565
69541
115836
68898
73693
101767
88886
67743
125760
70651
70378
62699
86012
67371
67883
67280
68909
65820
66911
67642
74315
71322
65150
66276
67229
67330
66830
66738
116254
73320
66090
65854
63535
65798
65228
65925
72376
70538
106067
84508
195238
64043
250745
123217
72884
63248
64572
253214
63590
62959
62704
15907
62413
88564
66636
68818
62508
72649
70189
61929
86210
67176
61637
73863
81425
82661
92847
61585
61956
228236
61014
61211
54344
61789
60694
60622
62416
62234
70010
60573
61818
64958
57774
62474
57756
58937
53300
48891
85155
57532
62201
59138
55051
45666
56305
61740
56296
91932
125484
59445
59134
41727
290159
57408
67482
59124
45576
51817
59097
39644
42878
15621
46791
65268
43020
43113
43108
2947
42282
62598
45301
64044
292714
32727
64612
39255
42763
34594
39276
1420
39898
89694
35348
117021
244083
37678
34531
39468
128469
35094
34634
32415
39500
32757
61302
40290
242727
36473
32573
17967
99664
94939
32656
32023
31554
18352
31078
18347
114630
30703
18520
18614
18856
18053
25687
16395
7330
8624
8514
23431
1310
14880
41227
7597
17035
5829
5583
15114
22765
22043
14069
15118
31306
5726
57329
1395
15003
5371
4920
2742
1086
19117
2942
900
4955
13238
1568
16468
16063
4392
34638
4057
4533
2464
2370
14968
25992
246
443
2430
15681
10184
1940
5146
1406
429
1906
11245
4024
185
90
2673
45388
16033
4419
19880
4505
2342
11536
1475
4046
9799
1449
4556
30957
2041
12940
1274
3796
4630
1749
10615
4546
4586
594
2855
2777
615
5263
13706
12258
11994
3556
597
2327
1171
1536
14213
2221
3322
60572
4576
6767
4107
11105
474
58577
610
31624
3968
10906
1855
1527
4588
57324
2352
4594
3452
13286
4464
2474
500
9240
1570
1558
2583
3889
2025
14798
456
1400
4386
12208
126
2354
5200
4239
6647
4226
712
136873
4803
2264
1678
484
2440
2912
15800
287227
12916
1849
1803
2686
2191
3253
1964
1992
2184
2586
502
294674
1027
1925
1660
4482
2132
248017
87093
98566
137646
92591
60699
314
2675
33
2005
66584
655
764
346
204137
325035
204135
318203
323039
317375
284725
287009
261647
321960
321657
319338
278113
320579
319039
279471
278573
287527
289219
295999
296232
317771
316525
313721
255522
218274
317264
296052
314172
228671
315295
315939
318417
318073
259819
315213
302074
295778
233833
312508
318419
313973
131142
314748
313289
312506
312720
198178
318652
273160
309792
311022
257724
157194
318651
246473
302919
309978
306252
304790
304774
305165
304354
303109
303077
239385
258742
285889
136342
304031
278274
304400
318512
281555
270734
301715
281011
262259
242907
237052
247168
302768
295755
315568
286691
230926
233264
138505
273247
289411
318468
237289
296527
275722
254356
223326
300973
298616
246156
296303
274875
248416
297203
296509
300104
296258
287609
157239
274388
273754
297132
296423
261190
241388
294835
295597
228212
156390
294834
211224
231462
215401
295309
275724
233446
295003
114471
294019
292516
218257
285801
258256
290251
260458
292255
290036
227191
291945
241569
289163
290297
288055
285283
229236
218275
233256
236004
287652
316164
287731
241405
128331
286671
261363
157205
245079
207411
226346
202555
281371
282756
271309
208851
214787
114500
283085
282252
261790
282537
258927
245927
280409
258982
228721
280977
239006
281666
237529
228672
282401
274061
277463
273974
220513
255868
215798
226529
276230
202879
207517
279158
274921
212246
275689
234647
245256
252551
273132
218631
226071
210315
245026
222807
208921
158902
214528
262969
206925
273481
204098
202209
273266
273146
272313
259558
258898
258385
272473
272463
247518
270492
204136
235577
138501
131141
258582
253760
233282
271108
239005
271031
261102
262153
201480
258902
258900
214217
260877
221392
153577
118477
246748
261235
254799
263283
260994
230351
204139
258931
255037
236996
226705
251094
236018
238892
243975
227189
258328
257928
228669
255107
250724
251100
132503
226633
196977
114479
256208
246072
252130
255919
224042
254586
254659
209173
226102
239770
242904
230562
251091
223599
207334
244259
233954
157200
249583
216292
211358
197454
209750
243405
238843
216467
215799
204996
245263
157569
200908
214174
239478
157207
128330
244525
237313
227190
247763
223212
114481
126308
131433
119130
220074
243428
115999
138498
254010
133813
122226
236084
236144
241758
220286
236520
215421
103540
214806
215474
213786
239691
241308
240702
231301
202208
196308
234560
206689
204999
157195
234561
232941
233254
230226
220374
208920
134095
240592
210391
205082
201076
230228
230225
205482
233363
126501
157004
201413
156929
209077
226688
136840
210704
206017
245366
195814
218575
231311
215402
211020
209727
206966
229785
229382
229011
229060
114461
229023
228674
226511
126485
206817
228794
279891
128329
201304
155683
206419
210181
226802
226803
156610
225782
226645
211059
210702
114472
226675
220375
196214
156616
226644
226508
207519
224773
211049
202162
135615
223430
222806
215472
194573
154114
127948
128308
238838
202998
222674
224880
220372
218194
202212
201581
157199
224022
222408
214529
157212
203554
125462
121183
119064
223768
204412
208891
206022
157972
218268
127447
222390
220595
203344
201902
127706
220597
202213
218437
221166
215471
220155
220444
256188
92788
220088
216315
203178
217615
220343
216429
137430
135806
47907
217616
216907
217448
201478
121567
206816
197294
210213
112486
214520
137437
138561
137043
214940
156868
130567
156401
214374
155631
115996
211261
208336
204667
201897
157664
114463
202188
208751
210345
203085
157161
128306
210602
211937
124714
212440
211565
211357
210229
124958
225852
205272
210964
201852
157383
202017
200945
138987
83867
155427
204070
130996
209567
158900
157215
157210
131836
128384
114502
130464
206818
202597
135868
207459
135250
126929
92783
204554
206319
202137
156606
232125
207366
206566
205683
155226
205040
201285
122048
204577
204591
197357
114138
205501
117889
114466
205118
201886
205032
136315
156608
111800
202018
122053
119063
92782
155231
196906
153715
202972
202359
92830
135895
114105
202173
119060
105804
136733
128095
195292
194852
195420
152512
117933
154521
158307
156866
158017
195635
197107
136763
133733
92749
195780
195684
137872
118906
156812
122046
134465
158625
122066
125438
118904
135894
154820
156837
156609
114925
126484
124010
156101
195798
154795
115036
108291
127700
125935
128876
138999
88329
133903
128210
134297
115304
137871
195294
152529
137689
110695
135986
203884
92649
135211
135134
134381
127942
126164
114478
130372
130392
119069
114501
107113
126422
107004
127633
126794
131993
129902
91363
127635
124965
96715
95738
127907
113036
127637
129488
90461
205034
127548
84958
120608
126931
111312
122185
105971
124734
115673
106899
120907
105009
122668
279310
88396
121103
112945
117532
118699
114505
117176
114547
85271
114695
115044
93221
114125
114820
113888
109930
100010
111815
103992
112783
121445
111974
110119
88987
111586
89571
95479
95731
89499
107634
108485
129323
107576
107381
106984
92824
135110
103465
105055
104201
113903
97186
154010
105664
221437
103822
103554
115641
103076
97645
103102
101978
83605
104521
234834
110827
241267
100975
100802
90257
95520
102638
100120
81349
97084
93290
104486
99598
96734
99817
112091
98983
94404
92685
98779
232564
97082
65052
135379
93268
95339
95029
85801
82856
80402
95755
95543
95739
131364
94941
139612
131692
96705
87282
153648
214350
82653
93035
89440
91962
89563
90870
93191
110118
92894
117074
91475
91405
105615
90929
87994
91850
85349
117073
91433
89315
95239
120737
134483
88463
134520
129750
172054
86129
81131
112652
86800
83631
129925
75523
98303
95782
89666
131656
86830
81918
84915
88910
228825
86787
80006
135922
106147
84587
109759
84550
83558
83295
79787
79093
82728
81127
81358
246766
283529
117709
81147
109904
76231
83043
110168
86596
109760
80056
236819
80587
106146
66190
86090
79084
37158
109761
115835
79429
78822
74712
75782
76177
80225
77410
76773
71766
77947
106894
110527
256923
74016
210499
76405
71884
104065
212915
75500
75409
68665
67178
82707
73178
103396
93508
136710
71727
71725
69629
74323
68716
84387
93698
71738
72705
62285
96714
72350
91278
72027
71412
73919
71992
68915
105106
72089
78823
70540
70047
70628
62127
102940
70784
70386
69851
67991
68035
67195
66789
70823
69944
155824
67726
66551
74203
68780
85324
74911
68919
68427
68654
112193
66912
221295
67549
62126
120421
68324
67147
56317
67709
196362
65495
104287
68053
67175
67115
66456
32162
66837
114168
78826
66185
66111
65930
68208
65579
64481
66203
65766
62856
256257
66487
65291
113827
64513
65859
64551
64752
107968
63039
203051
92210
38472
135133
64220
62927
65334
63926
63722
63418
63328
62816
62689
63329
62815
62046
63398
65417
65016
62328
63181
62853
72482
62875
66419
62715
62783
62458
62196
62195
53425
65852
62530
108704
61889
62745
62273
64473
60791
61888
61741
62181
61692
61923
61915
61871
101129
214352
65425
61733
61550
104179
131333
61508
64909
102510
60554
62496
64844
61381
61399
67185
73456
61120
61118
46028
60888
60972
60912
156324
70615
51370
155069
223181
261825
65927
64905
54327
60892
61330
75534
56556
57754
57961
71906
57748
51425
58852
1403
50825
45013
62291
40044
113273
30276
59375
91181
61568
46879
44242
64850
46880
43856
59427
103649
106771
51890
46928
105151
43775
55518
46697
44169
46698
42272
40075
42329
34356
61720
39331
34391
46262
39302
38867
39336
39510
39715
39360
39048
35279
49297
39272
39297
54315
1413
38974
61478
32754
39358
60715
137042
57639
32716
39320
34573
76460
34415
32708
32200
133820
34891
32726
34406
34381
33213
33623
32815
31628
33400
31499
31936
36105
33091
117952
34327
21641
1436
17572
104859
31497
21510
15632
19092
18202
1421
21781
17507
17518
17519
12712
61709
18351
8509
1419
14956
33873
6549
8358
4194
7992
15079
34850
30916
1409
6974
5721
2739
3498
4053
3172
1877
1242
2919
5325
3527
36189
1255
4626
341
10219
132
4627
219
12763
3934
3535
4610
4623
3090
4015
1606
2317
2710
230660
89697
4605
30984
4598
4607
3428
552
1528
3122
2355
291930
4602
60682
46260
1437
4241
2345
1973
1739
543
2692
973
4575
67234
3745
3200
3288
2004
1300
2426
10079
31654
1434
1954
2822
2567
4230
1130
207
4568
2198
1546
1480
95
3050
2122
105477
6332
1334
1863
293246
16906
4429
1719
21735
3097
2901
21733
1101
271
1777
194
4087
6616
4574
2235
82247
10432
3319
384
3763
16908
2720
4545
4448
1750
1615
720
1931
3478
25
3973
1269
3828
4784
4459
136551
10077
918
4681
228697
33217
1620
77606
1647
1892
286360
82452
5920
278178
276161
71790
1396
46952
296206
73586
34307
66732
4604
322430
63174
44217
96648
46298
4656
60574
94664
60059
30983
200709
209867
12225
262838
296285
120089
65494
91239
78191
31910
45790
261145
127529
1950
31911
93405
42009
220542
66025
38693
300054
119051
81356
220150
71912
116799
15226
195670
39340
67075
259140
283428
12786
14929
47480
37854
212989
13916
279388
71446
1424
129552
61222
125282
70523
77169
308014
111110
110316
31917
4238
79141
117465
890
123249
154385
20111
4589
75450
62117
131041
60863
1425
61852
69740
94605
31991
210879
259837
206180
80350
66788
135157
2098
18123
58981
64196
61662
99966
63351
68854
42705
93816
303143
80671
79696
63409
113268
236994
72750
90937
240411
219246
4344
126280
74280
210268
100757
96102
86831
287429
74204
35610
224941
67026
271607
61663
204832
90802
312493
123591
82596
39852
108545
246246
196944
69557
146176
207332
100883
90955
74440
31251
75820
90462
223500
1549
92592
116135
205050
75006
278196
17611
78173
21729
67744
110070
46080
104699
207784
39659
105248
94523
90761
129600
63623
117376
43348
218342
85937
127865
283657
62320
70785
250060
102085
117581
136283
227975
84669
88324
71715
94796
247769
80968
96677
156898
72755
75758
207347
289271
123876
31585
285807
61671
66310
12998
93741
72002
112833
79242
217766
80623
236385
116725
62110
218843
252372
102904
197067
77240
64199
227371
300131
286801
139798
65294
87739
68421
240932
86031
235930
64010
111177
45783
218539
136915
61339
88803
113988
70485
62455
225320
38251
262928
91997
241138
154825
215720
104711
106009
68267
290295
259731
75208
75214
78473
278275
74415
84977
61664
210733
42573
214875
67683
112439
110534
236235
241454
254821
37585
203857
64783
81046
225634
223313
124834
204635
83639
211079
199001
243084
127714
234586
83095
237512
99489
66676
73223
287011
91552
278577
129959
73157
39218
111474
78471
130368
87083
83962
69293
67676
72844
96884
103768
223386
71578
73021
69581
195407
285739
289424
105214
114868
69061
310935
34158
230915
236033
281401
43017
99353
86942
71024
70626
94244
280511
39952
111141
100350
300894
78798
224263
72237
66488
1043
85922
86423
215092
243316
198004
297438
61628
238084
65784
16281
70748
195339
103786
218521
64414
63145
203164
210916
76557
157747
128883
235998
125910
76148
97400
308482
217553
228689
73549
225180
253811
262280
324115
155292
92983
312588
249597
13265
31586
70593
221300
59717
129478
70573
121509
116983
95594
133678
48462
85720
65945
322427
62741
229891
81357
69017
250923
95486
106651
219651
42025
204417
7248
203704
244623
76874
296534
90855
115577
247522
110356
10926
70881
90447
96462
249042
65493
292474
281016
91470
112836
118956
245648
261868
97727
99480
246483
129888
232766
90660
281013
252193
14766
83659
32406
271855
83164
87689
158154
71347
92408
259265
241811
220801
110283
97175
69470
96162
239287
251883
246799
61986
86957
81700
79746
306762
281010
136369
202783
233079
135840
244243
108284
60957
127599
244244
221504
129141
34186
76719
254482
273977
243202
205319
293608
230448
301001
249906
80795
74577
17149
248852
75701
100226
67166
80743
274776
202318
82199
79352
72305
93544
245703
67014
215001
313298
74802
255752
261615
93097
42445
302540
135340
245312
198064
261128
217837
222233
112166
255859
229962
261980
71349
74821
250504
80307
65292
7458
157065
94028
235355
210232
87049
213703
211051
111111
228547
135959
154861
76662
214999
135238
240993
209710
123548
101918
80169
82104
90720
253905
298343
73467
250505
99047
292532
225385
64254
34921
233686
249039
216082
279601
203616
258462
71411
94252
291506
219063
210955
216310
259288
108261
91557
85940
218177
226527
93846
128010
96571
245684
102316
195923
64165
61838
154887
251309
16660
97173
240440
69316
156888
154824
238458
77778
214582
63522
91275
95599
63201
216424
61678
138183
64840
72462
236000
93219
71225
152511
215866
233629
109958
66023
247246
67780
90669
128015
278127
79410
79130
196454
225647
99772
78036
218896
77529
87508
209110
102621
238151
69450
223447
117830
247043
241269
131305
195053
93785
283387
19845
230003
101873
60654
123403
290276
135897
53606
273051
84154
209226
100412
78869
210098
88052
194797
100333
108296
66776
96658
269161
156902
122781
310239
250162
277752
278009
63314
64555
99491
81355
242054
93233
99048
111743
95665
207333
204684
132983
125437
302854
73126
221112
220564
112163
51078
84380
157221
233592
216228
61611
71809
73132
222624
82456
252135
156716
84469
279884
97333
322803
226362
275592
116041
88728
285278
283673
93392
81290
73411
270420
76438
45923
91348
252425
208825
119988
134675
46385
75123
213609
247207
96608
212588
247784
6618
72792
242073
68126
243964
127323
66329
83127
97083
89641
240667
227004
102905
90721
258063
247453
79026
74728
209504
96481
7030
68945
88236
313100
208925
78385
234721
31816
88264
118443
76747
246992
300529
70767
241361
83941
90293
116386
133342
98830
113622
229958
218038
224229
81016
237316
61967
76705
203697
126035
224414
96659
100729
74074
97970
232616
282846
68799
76123
71181
113710
68358
281004
227139
85046
90814
88570
97766
132750
124416
202311
42368
65968
316544
79525
78434
257023
321338
201124
68467
241112
81983
196474
110126
97219
156406
255492
130330
221301
203698
274558
81292
158138
73671
87763
244890
156484
81354
94659
284744
256324
219788
297464
66080
67202
89092
112162
121659
303405
242876
244587
80737
87731
235349
265156
86752
211039
71890
87050
278146
132141
217945
272586
316898
88783
37425
89604
105797
89233
155019
304597
97425
77791
82237
115857
81240
102903
138190
205070
203740
65693
284792
254498
85220
263330
223300
106541
274008
256323
206010
84896
306207
3813
119773
64092
6100
279339
100349
281679
37636
123349
60956
231749
230069
117162
70437
127366
54607
20794
246485
248937
93484
73602
210939
154822
206686
249551
232865
94154
316973
138251
76922
255779
103810
219532
96977
214078
158646
93490
202577
154916
209332
80613
284488
126254
66008
94925
196857
136752
16069
281512
281006
99617
106761
289485
83105
82578
219652
81821
254389
245219
225399
94423
217710
78941
158691
279322
68708
282440
220056
204241
255086
88239
210269
1772
98772
65466
244207
120241
83125
259669
323111
254544
87553
262878
216985
116612
213573
91725
249928
124426
71577
208730
120168
137094
227837
211116
307534
71680
65856
288912
90766
65152
90260
90706
65566
263089
195926
61239
96777
254391
195359
134949
63454
95670
34142
88328
131028
220115
43152
228921
81559
276903
214079
88512
72752
132719
76178
285916
158141
45039
323660
230777
249054
138523
202306
117023
235924
101146
214603
304194
102846
155421
85427
224633
259882
113240
75907
8019
81940
111838
276472
3474
135155
4319
155094
77076
212553
137040
105748
83634
225120
228958
233205
133775
258035
249023
135652
4939
61194
156934
113457
97948
157926
262375
227042
311871
81686
7311
84647
54477
68293
124331
112314
103727
235995
250988
111616
80665
96713
129475
290230
79289
117678
114718
251608
195530
250463
87811
61174
93454
137520
301885
97009
82585
125350
101857
6192
270444
93811
207717
214997
245926
204367
76307
63787
214592
195636
62572
224819
83050
129604
118169
75540
62301
152471
223121
130270
231727
203281
96348
82209
279231
197429
131721
136308
110642
123856
243396
269160
261792
63350
218577
100897
92732
240114
211746
259730
323842
92926
217667
69926
133355
248982
90755
64649
137893
127289
66939
209708
105177
76305
253990
76796
70595
71967
78375
202010
275388
121710
258707
131488
204255
96160
278404
250178
114395
252257
95612
257788
79356
280946
201874
89557
275998
227318
2146
243248
94924
88548
90265
248394
231728
158083
206494
216386
94642
82462
127108
94795
84646
158876
210942
210039
133359
66431
262920
37970
197588
83165
103411
139547
226135
46504
203202
215333
115567
130523
255251
157080
76201
158139
78239
242875
252739
128979
113984
209648
119565
80308
83381
71373
240581
134581
155795
94045
112164
284605
135730
93522
78797
83880
119464
68786
214088
210235
85701
244571
213241
315438
68394
95484
100698
62152
33544
127325
221869
95718
62104
252605
242977
60655
208834
139280
78685
271885
69864
213635
128252
68435
157219
136699
203935
236450
241883
203555
256220
263346
70897
106292
229153
122579
210107
61606
88516
298698
23974
89113
286822
197679
72615
239137
67084
102712
224900
99610
135037
229221
99657
125972
76652
223785
318880
84107
243200
97539
129832
241473
121745
43500
76409
195747
69373
118043
128251
206903
61890
285009
87313
217309
116912
261545
155594
129612
211705
88378
134029
242392
285205
205214
112933
234674
103425
245264
318422
242845
210750
284241
110545
216572
74829
104157
259259
84155
135814
229302
251414
233452
86824
241795
235228
276083
243073
45273
87024
271406
232433
112837
93899
112747
72549
65315
95638
197235
116600
99002
67264
222972
123594
247756
74495
293613
219346
95231
111625
283370
202905
83519
318188
69538
89852
82798
247441
196526
242879
285042
138663
79991
104229
65251
31422
257221
66660
135918
244431
243403
99509
7803
89642
210218
41889
57646
232342
71308
86151
287978
202864
158396
86784
226531
72396
69857
316920
250312
43135
90407
98187
210905
123534
88584
93736
255690
218475
42382
219053
260264
195822
221291
82357
252751
204027
112834
85841
146173
285273
100074
86456
247830
290692
291256
71007
73472
44821
216223
318167
230034
99581
62863
100617
93808
116249
81337
21297
92684
41733
79888
157285
279283
158325
138600
133357
37666
278922
220998
247829
292126
48455
246026
81006
287868
124578
315494
203187
101200
292625
94750
222024
66309
320472
112169
253451
209459
74706
66806
67148
217529
220932
95110
100963
96870
6793
76663
112152
116045
223400
74851
67960
53441
132171
76819
319919
81145
200731
272467
78074
122169
245265
275624
153950
222314
87527
249586
92584
82469
41825
79948
259856
236449
73581
107442
235913
129676
103416
117682
119847
296064
315159
87194
69809
247670
102562
262273
101396
201213
299800
278006
133064
76567
302723
271152
66647
89785
279868
80055
283917
34818
136368
87547
93826
133700
65345
219066
132009
108268
103506
84112
206087
74939
254721
224021
283776
283647
129418
285636
252020
123491
81532
97266
73017
261510
110115
83412
283484
105555
72633
100833
83109
237964
97861
79008
154647
94413
216322
95066
93297
119180
253249
130077
112442
69090
139289
130688
232811
307682
94625
132188
92916
135022
248345
226772
107387
158694
298706
210195
47091
4755
98494
272466
225467
293431
212408
306129
102360
270364
155491
115521
103445
207878
91656
35305
156935
213895
153268
272299
89221
155499
127753
316295
203805
250850
86640
239017
198090
110529
129495
212818
114187
209167
217522
297517
310045
137967
283367
87172
321597
136125
86546
312423
67706
117184
95467
133086
318262
322426
120395
93781
118479
262955
103086
217858
108298
93960
96161
71497
221120
84559
221802
131651
271418
129933
91545
261646
31387
299878
208691
106465
158345
76954
64038
169590
257513
81902
89504
61054
78400
207841
114183
283645
293432
21421
110862
87548
235345
271360
212869
73275
76604
84111
88775
241373
203502
135035
283368
233750
114053
83478
258306
233237
276582
96815
219819
128036
210945
76715
94425
66248
210946
278421
105904
99356
89317
77400
248126
231677
158764
195930
280976
128008
127372
224047
241501
68410
274979
91472
131830
109369
283022
91505
133537
133784
83248
156714
106238
107422
88850
121040
283354
100052
95601
230371
86733
7173
158155
298234
93514
311991
223119
211069
69886
112745
90602
282792
246025
316945
247831
131589
315595
250783
126698
274955
93953
252741
97180
36327
156077
300999
312758
226548
135144
228920
215586
156883
315596
223668
243861
67059
103174
220499
248123
114201
239966
86621
99807
31360
115497
195928
116986
213272
195841
215441
248984
113246
75116
128068
235356
139566
77601
105288
74044
195345
98805
138273
231739
204062
110343
87387
127626
271236
133979
128217
290231
286788
278338
210532
280890
283650
126647
83996
2268
124337
81704
213608
69919
133356
115690
158809
319934
237983
90129
99517
96997
96425
158233
282394
246027
235779
283197
230418
121241
119105
273081
64113
94830
70372
220538
91016
249812
212921
96989
154827
169588
287390
296263
242238
138436
82834
270654
101400
85837
74104
90665
213611
275571
79385
230372
70580
75552
226216
96346
283579
91056
259383
197190
225335
91724
158697
220030
296238
229906
275144
228957
280888
74222
218137
253361
261649
123138
235571
93878
213134
97959
91699
83238
85703
215492
107304
196907
155545
83300
209793
126829
82193
254930
99769
110317
97401
224557
234423
127643
230939
73681
80707
130477
275464
232912
295167
218695
127424
83247
93016
234729
234239
253736
214091
281678
77393
219064
136076
213612
230370
85424
115970
216227
94587
197248
75871
312167
85833
94107
225152
116736
75297
100043
283648
249548
104555
102878
235350
286867
299403
238557
158088
109819
218530
224490
283610
293703
231380
113877
80759
62391
283392
138328
218428
96129
153519
214609
85958
30072
106754
118815
216811
83245
210694
119122
127425
78938
130364
252747
69137
72541
64439
278100
282201
205166
231725
94696
93886
291583
292493
256052
114591
212630
133620
207796
222792
206344
92443
103759
85418
139792
87814
105305
214128
297454
56994
119284
85486
230127
113600
203949
278877
114705
88393
315704
259709
293808
126525
235555
209725
87822
70454
75814
216005
257168
277789
84761
231452
194682
88071
218994
135864
227381
285084
271128
244616
201331
104999
194899
102192
67329
234034
81315
87815
79126
86769
307923
135726
252591
214257
91264
157008
310070
214180
262252
111462
15780
134367
248716
298554
62415
70508
300594
238046
122672
98308
299483
249855
114893
94660
302012
40484
259881
243456
81876
206510
137650
217699
197428
216937
111761
286162
237101
271001
202880
218576
322302
112454
119819
78734
70490
77416
82862
69067
233343
95041
116989
65977
134906
156595
107851
94156
84452
130839
10779
258897
255810
90290
156441
218184
125970
99633
94801
233232
94462
224981
280609
73673
70781
95071
134364
196556
225261
84310
197427
100605
77020
241816
312046
136394
72734
196122
119337
256355
225292
104108
76153
114992
293205
318421
105489
99626
288908
220229
116250
69993
241168
283072
285906
128255
87600
110167
238959
321596
111772
97543
233064
203552
283717
217528
127571
118876
235997
87611
212870
289123
129677
278004
103849
120849
105306
102355
213193
154535
243149
303072
246496
126817
2252
82656
224740
98492
215629
106590
227322
154810
237458
310100
226126
279942
132997
262275
234630
80280
289742
241199
261009
95651
209407
84216
99335
94813
195900
114156
252125
246698
296549
211694
261887
263035
138027
204304
241480
136323
109616
113372
98510
74100
293368
215912
315755
318906
280872
102496
87832
80626
249104
215117
72671
79892
274820
134057
128013
94614
83470
278011
313969
287131
241140
249018
306657
78435
78418
134958
86636
201006
152291
110152
87663
309476
255650
99935
126386
157709
208264
88168
254827
282651
139799
207642
132158
92204
94384
262281
206246
110512
80513
84655
114419
91290
260565
212284
135411
118439
241948
276292
67027
277805
134902
18712
155618
119815
231681
97441
304068
85308
211638
26101
286338
205106
208527
204852
228051
94515
157726
71882
96049
113178
126526
253384
283441
289486
157932
213471
51001
207461
316790
251842
156591
298682
204617
68302
248795
119237
69930
262277
81679
228550
129662
282405
158913
91794
91766
37995
247634
129057
139686
112440
99387
93888
211942
153588
129716
224387
123531
212186
320935
128250
258923
132105
85202
286840
121171
289228
231483
118241
157717
83602
137440
128240
248664
126840
64823
95730
77591
283396
241455
92829
107363
231738
102901
75009
80793
103831
129024
105213
283483
128424
208855
89545
86943
78597
114404
261034
223666
232401
224710
245754
230323
137003
124031
114066
235300
287615
210922
253030
107888
101531
259354
308558
206709
127723
220783
139155
156407
103505
229854
210461
106514
102349
197979
80309
130521
204129
270973
131808
216797
253833
78704
126528
277544
259207
272730
132797
230043
105689
84777
281374
285631
155895
221522
84651
80366
199175
76498
114171
73061
83723
94647
250789
232988
79431
139396
80865
283390
96532
305379
288915
70420
78087
126304
282238
87846
297304
96676
89008
202886
119831
216604
215875
206075
102084
253741
91491
126387
222559
217662
226907
120582
274023
215874
110412
68545
306074
218804
230815
137570
277010
275306
105488
69850
74153
110186
201105
100407
97062
218476
324633
115391
246178
130950
242394
36162
100379
207704
83689
58559
106753
320934
214454
82110
232684
119148
92150
245782
98735
224333
205857
115033
195258
196511
69959
80942
94150
203688
102281
253265
227859
208720
253028
206910
83414
215344
248294
294011
113823
213550
218583
133304
82257
305995
96557
214258
298699
131260
228923
225462
246170
91065
96208
221913
91701
125574
321420
90274
255345
156135
207470
87799
83061
114649
244842
94611
89171
105034
134955
262418
78319
110193
103035
95852
74579
97584
300741
294282
137571
157514
89505
242181
112860
207748
158648
235540
127426
78847
219134
261617
87848
204302
288913
111086
158763
137569
290682
280885
231331
152336
73807
73792
292225
241849
299713
129675
299675
226404
240105
111597
127451
302696
73638
209032
83673
158296
112538
153574
297492
236022
212060
281500
103407
83039
231297
126531
95074
100429
232644
258154
68375
229736
247833
95465
95579
210267
138400
225351
120587
75892
274413
195298
210834
215232
205403
83591
236787
83066
285911
237806
248509
198200
126396
101262
108987
95851
82368
249589
214668
211269
109000
132262
273212
223663
255728
314297
245251
234053
129674
106709
282628
115569
234739
29451
132128
81520
299286
205215
249828
236072
281592
248470
77061
107485
134365
133090
76453
195927
94884
271899
115555
101836
217460
118945
194838
80246
89005
88589
88189
236505
270480
99573
137903
86807
253985
32035
287366
205788
50016
258124
113647
99103
131584
85276
237457
238755
248484
297791
119861
95121
124561
95986
131594
106373
316804
270976
207242
224035
247569
87216
229122
127940
233881
77700
158762
115756
83709
153671
155973
93723
203123
321426
87858
221048
236006
125629
91252
260808
233051
206492
211664
290865
275146
209663
252047
98762
208130
236406
94913
242663
106525
69008
304849
89295
81708
228628
257209
214302
303173
67708
89755
156658
82804
83653
137584
242433
107671
283967
272494
235914
154302
225621
205798
219067
204777
99954
238091
106359
127428
101680
121628
81002
86616
289420
65434
111495
129855
95417
203280
249046
228739
128246
252100
316324
197526
226684
128641
73113
239824
139132
250361
89066
202638
236846
81284
294611
124084
205434
89899
127617
95284
255803
221744
156397
313338
242739
152293
222839
115947
75293
294726
76808
129206
229550
97390
128254
245047
223669
213803
297010
285380
210529
104043
62600
106513
105844
95637
109607
120717
225732
253913
135799
235441
211642
212446
84552
114604
287503
98855
120008
114732
230716
99620
88366
258558
92097
79099
239243
117656
130969
107451
242396
65517
95609
67351
213288
106173
214949
282209
133358
113415
107904
136881
270977
205722
124873
79932
213254
279392
110749
245551
313995
101255
208589
114185
112278
208952
247096
156867
257207
211084
315952
289458
274912
199935
81521
132013
290388
109293
57006
78412
247665
104669
289046
73073
248114
82498
309113
321125
224920
211104
296069
92379
298620
283646
294191
112869
90725
79168
118111
271200
70830
205657
130119
86169
319957
106530
213345
83462
95953
231860
69273
253485
223601
153966
210818
278505
95387
82631
121629
215091
195925
125027
105125
153631
133089
111928
171396
241734
127916
85159
199951
207512
95661
253396
75140
260566
281794
105274
137899
288106
213779
275908
210971
82949
223589
205902
111726
113450
120040
233402
256227
204416
97164
139177
227890
77134
155496
234255
139401
100746
108347
226938
112060
206088
299320
216575
154170
106526
125546
96218
242989
210071
240196
287420
306517
91047
81309
233722
304936
112917
156572
207258
321628
131114
137004
72888
106528
274905
78827
102246
278701
232745
288119
253635
215871
158634
118754
214669
83108
211848
85956
248677
136101
208244
270912
301498
279991
225830
90982
204418
198097
233060
156076
105304
209072
239186
238094
293130
139301
288910
229277
209241
132583
310302
258155
81208
257206
207941
128500
93059
252993
240402
90295
243182
234765
157429
107011
92381
82157
29143
205793
134678
95715
130245
90921
283784
137303
241945
215662
125969
290323
220650
132850
124414
106005
79078
95927
291961
130044
208422
242531
202065
107625
121424
105203
298867
134366
102343
132012
116215
96642
122249
94661
119151
90137
228701
284401
232838
236207
137717
245015
230587
134369
262279
207083
46861
81852
233759
293817
108824
138995
76809
158511
231015
232840
113315
127575
80247
139118
91089
236447
232944
137439
134053
103520
101090
98033
287540
321411
105029
249068
292687
257183
321476
104270
81042
115085
236340
321470
128480
206225
108579
29798
109480
224199
77124
232741
238781
273486
214837
249065
211177
84451
223217
320318
217886
239967
318843
98828
229167
215052
294353
121973
274275
292099
257156
289281
273302
276190
204091
249307
290219
206464
250132
296204
232404
218105
313117
229942
258031
287364
275909
254730
281056
304749
117840
206791
26329
304796
289208
275549
37336
273072
305672
314324
291275
265169
272315
229544
322992
299167
318179
317143
313454
290856
289560
312722
308767
305997
262967
275557
253750
298846
297802
253391
289567
301809
298844
247732
254701
271823
294876
292462
291853
256585
282197
282886
283846
283186
282885
242867
275277
277020
277024
261604
243006
220089
240903
226174
262193
224732
262469
308280
258314
258734
252549
257631
255137
255124
234061
158300
247704
293772
208942
123625
245009
248380
227192
226285
207718
242757
216637
238127
240706
220073
236400
114655
195241
235452
234037
209922
133748
113962
222236
220834
223628
200701
223418
210249
219077
221122
220793
220366
202097
109377
211698
214951
213340
211779
158811
132600
201877
210805
221230
205026
203489
133908
203423
204125
201717
114068
201819
153528
153524
122235
126027
122194
137122
121658
124271
133174
131013
214296
126824
119243
124920
121066
99588
119203
120617
105289
247073
99583
99486
85949
96231
98996
94372
95265
95004
93260
86848
92461
97854
90424
90788
88630
87775
214911
203962
95140
81144
80748
81026
80490
78976
78533
74140
76534
75383
71789
73698
70104
71128
69158
69866
68603
75578
66548
65876
62852
103788
63240
121920
67098
62476
64198
61418
61463
66084
61387
60797
231393
61854
64401
73489
292238
48865
44469
56219
1423
63893
58957
45094
57607
46910
59500
1415
43901
33880
43082
39279
38657
39416
36994
39107
34996
32692
32798
32709
31623
31559
31343
31356
17610
1435
31673
7869
7636
14826
2755
3878
1405
34521
4466
36
3605
2458
1600
16841
2038
130
2284
923
2129
1431
79
12502
14658
1795
376
1981
2408
2190
537
10821
1835
2224
2429
3107
3814
363
13943
580
3022
153395
403
160
46732
1823
75417
259315
259009
259773
237526
239919
220905
223614
221924
113452
110657
101609
100051
95386
87569
95585
83029
291944
71379
80666
69776
306799
70772
67761
67072
74826
70403
93311
61285
61520
73236
53057
60789
45669
40005
45860
50592
43260
236632
44470
35299
49840
36160
32351
32803
30772
7714
15641
17655
14124
22128
1776
44156
116740
4336
224784
60159
6166
815
2187
713
45
2097
3747
4271
22783
4787
2840
99288
2153
4422
13042
3570
3840
3719
1486
2875
10382
1909
3769
2042
31572
2303
4357
4333
13859
10458
4177
12337
280945
286654
285836
204082
224330
271336
255293
},
87108
213333
65824
41997
81999
32910
61056
62763
322928
225891
307913
224372
223530
200875
228305
256711
207484
259909
286170
257720
247718
243217
254653
283279
250307
244321
219937
219971
157741
90228
222766
275923
235635
261317
194764
231394
236234
280557
206586
247511
201834
157950
157732
303470
195459
217211
245334
211684
194583
197373
225658
203737
208397
217216
100088
207863
263017
157744
153312
119495
128098
158522
134667
201992
125940
136248
207055
204381
128904
103516
52814
124364
107365
119845
108978
155892
81723
110492
118357
116450
158618
117488
97951
131927
128839
92553
124394
111803
99652
124101
115004
106158
95057
96580
100771
94305
97890
85948
87017
105313
93812
85862
81241
95941
83949
79086
87428
67198
71694
69630
69478
70215
66292
66871
62417
66803
63247
67136
66902
68073
65227
64432
62649
62650
60858
62560
62884
63726
62137
63090
60948
60735
49157
56570
54650
95388
61782
48866
47665
60839
46648
58841
60603
60625
57092
292303
51704
221962
46786
46533
61581
41283
44549
44006
44857
44305
43097
64874
39269
42738
38881
46286
39351
41956
1407
1411
37680
1399
34971
33473
33765
33907
19885
31631
32608
16997
21762
46296
31941
18779
18204
8592
14808
14814
1418
1104
3780
4608
4278
656
1447
10222
1100
2288
1891
1999
1416
57243
2316
1778
11466
1972
693
71365
269
1695
1438
4601
4613
2996
2734
387
1398
4454
4629
1668
2328
636
549
4396
13780
117658
873
222618
294862
253259
214081
87820
106524
85853
323418
323411
324222
323903
258036
288595
305301
303417
256624
296821
294584
293496
293155
292460
288403
241275
288517
279557
278800
256201
245746
276328
261508
271080
263314
261224
271493
246188
252284
194741
249419
246462
221619
246236
250859
238128
209479
238585
242071
209280
238081
234994
237255
231811
206014
232319
231905
222117
219993
231240
201582
237879
228828
228074
223642
224615
223302
227275
218976
219445
210178
232051
213767
228235
209027
208880
157062
205242
158704
202451
202140
226340
157084
114926
158423
154359
157275
230648
131388
227294
135136
133138
128481
130842
129035
125297
124518
119191
207687
225860
117946
129265
115165
114077
94046
113370
96628
127554
106091
113220
105839
104361
118543
85021
101567
102832
101543
101137
100762
216556
94902
216554
92388
91497
93891
86686
123549
92739
88931
87984
88358
88088
87356
228754
85547
86743
85052
216553
216552
83737
84156
83181
82681
77236
82113
81005
243062
214894
79005
79243
79013
79003
75191
77471
76526
76300
76179
77192
75332
75262
67804
107399
73554
74175
70496
90746
67232
70940
67832
67773
67752
66402
66737
66316
66384
65988
65772
64835
66567
47450
66869
107201
63804
62286
63593
62336
62593
64302
61345
230384
82064
61112
47640
59659
61244
60905
57276
57273
60556
57753
47323
89401
47141
49010
46619
42295
46873
44983
59526
43882
43323
43706
42004
41670
43831
1401
39259
39103
32022
1402
23843
18830
17140
7087
29988
20088
11380
115200
2391
286772
277439
252107
285404
270476
314916
316832
245318
108181
315800
257992
230936
225171
252000
292130
291361
221079
299236
296976
196890
230935
215995
291416
248830
241554
262594
241491
241609
286622
285310
247767
216412
209876
239362
243477
282727
230365
257945
246381
276501
274382
240920
147050
234310
195305
231000
259811
130853
251604
259684
253983
114924
157434
120549
256693
157226
237853
208251
226745
156933
197124
251927
196322
197591
203744
248287
157367
155533
197459
247104
197125
237890
239748
157368
46518
204490
238126
202411
213338
235851
234800
117303
228096
213337
231963
131992
231319
204358
198102
123192
112211
116793
155534
125988
219056
207311
223528
218961
201289
118534
216681
205164
194704
107593
221517
138169
221490
137735
128066
125000
156820
136311
217658
216343
106116
209131
213359
209130
95341
205258
206235
207639
199318
153307
108664
135198
127641
205441
204087
155537
197449
201710
95171
123854
108171
158333
118536
106388
196583
157002
136741
195352
95480
110382
117821
155493
155714
95396
156746
100414
106454
104002
153571
137220
136300
102540
125991
119955
94245
127235
133153
133727
133152
123149
133106
93740
124897
126397
98892
119181
95839
124339
125301
93716
119934
110948
111834
110818
112148
108305
108303
106871
97546
106727
103783
104148
103913
104022
98200
98198
98177
87784
102817
98730
98161
100853
98178
97363
94951
80336
80054
88055
93967
93520
93519
91249
90282
89901
87917
80752
72610
1240
2957
310206
310167
308717
258918
308554
297025
301507
307275
292361
304307
255719
303379
303715
296579
303175
271053
303321
303876
284736
271267
284838
302437
291431
276643
302060
305010
300719
308867
302052
297005
258190
298756
299126
293298
298814
298714
301206
298874
307349
296157
274642
296826
277831
306874
296652
262352
244447
287967
293088
295750
294678
295122
294035
254013
291926
292286
226749
277685
292065
245372
113959
291493
290392
290200
290038
289776
288471
289459
246461
289074
288377
288814
288809
284656
284783
287752
287966
285548
287532
283393
255570
286978
244628
285128
285970
285290
283862
285652
276553
248330
282670
248361
259453
284974
239615
283252
248752
283272
283275
283274
278639
282633
283152
282217
282237
280396
252174
282108
283394
279448
260471
281228
242706
280454
282024
241431
237347
272306
279796
279157
296240
278374
278148
279050
201646
277784
277586
275117
254514
276348
251941
276226
315947
275733
257993
283037
273442
278645
223518
273801
253896
243875
272429
224011
273251
216619
270506
273306
272719
273184
261802
249695
232018
220233
271924
226637
271005
260843
283504
270658
260231
261950
284652
260253
262358
260229
259096
259271
260681
232821
241337
261393
259739
258919
258983
225265
259045
258342
256162
257916
293033
258108
258587
253314
257527
211169
255972
256347
256203
253268
256075
255886
245929
255960
254943
253389
242102
245901
251088
254552
241272
253912
252660
250590
253266
253264
252728
252748
252968
252767
250666
248776
226698
251463
251978
249301
129398
251565
244999
250852
241230
215253
250751
241071
242895
250064
246480
245441
250565
250484
249833
239909
105532
251360
206829
241231
247623
257807
288843
245235
246323
211288
245993
245989
243623
246667
245634
237238
244908
242535
243732
242945
243754
243417
242990
242833
242242
243480
242350
243237
202224
231730
242386
243632
214224
99737
241534
241095
238986
241142
240852
221486
282213
240143
239614
232331
275502
238179
235665
239234
238683
284536
233816
237262
238008
237428
236250
280618
234035
236833
236734
236045
236436
236590
234613
236277
235769
234016
233600
235825
209799
273157
131033
240547
235814
217272
256337
234583
234660
234522
252119
234284
231340
234304
233827
233765
233651
233544
233740
233207
233121
233049
232863
228788
231396
233720
232058
231625
228740
231988
231824
230519
228355
231466
229516
228649
230044
132016
230463
229166
230187
155495
224386
229139
228869
228622
228329
227158
228113
135251
228562
221880
227484
227542
220594
137075
224382
226774
227543
223237
227143
225742
217439
204944
226494
225037
225783
96237
124800
126726
224873
224360
224357
224037
223802
210479
259530
223676
224079
223572
211562
220897
226660
211564
222501
221861
221918
231644
220670
216795
222276
225702
218915
200865
218629
219931
286277
47663
219824
218805
218923
219470
215943
212422
126725
218138
217751
217748
217646
216562
208569
217468
216905
216374
218602
216464
216785
215952
214509
215537
214719
215449
215307
236335
213083
214290
196201
214132
214472
210052
286835
214627
210373
213705
220687
212761
212626
212457
202297
157603
155437
219004
247813
209752
210688
210455
210474
196200
195911
128023
127031
208525
210471
208806
94997
208549
254281
208899
208398
205568
207795
211840
207747
156880
207252
110531
208694
155772
206500
205955
205725
204899
156053
203728
205373
204885
152261
203282
205444
204717
203427
204948
213050
223882
203450
207185
203117
201123
203453
206971
81322
158756
213961
202419
203767
203645
122196
201310
194703
125949
225153
196111
197800
197400
157594
137082
90296
221531
195099
157023
116761
213311
107120
206588
137077
129502
118303
113566
158320
205457
158787
194690
124067
157952
158534
109939
139087
139349
155431
156766
155588
153269
131195
127399
153802
153779
106308
154518
128108
154167
153805
127021
133922
131204
153402
129500
253633
196035
133485
153863
152365
153309
131258
139086
154688
131206
113987
128594
135344
133723
138955
137681
134373
137164
138074
122197
137083
137140
137184
204579
138521
129897
131875
209127
126031
131207
126945
131190
124438
136203
155063
132076
130219
133363
197322
131211
119916
135001
132639
126029
131201
112077
133169
134389
130467
131203
133774
126949
126032
126028
124437
131205
131139
131666
95215
126423
128966
129481
129821
121481
106148
129157
127632
106502
95249
307532
128466
128056
203218
124851
119142
93288
122821
119985
122063
114587
80828
117909
99544
119761
114584
96718
206593
114589
118321
136624
118394
116111
116816
114564
99121
114722
114721
210681
116455
113207
114656
116124
116106
261349
115929
115079
114375
96717
93287
112111
127305
90812
202352
83851
110971
111820
110173
108173
107615
111126
108154
90259
88713
111633
49920
107616
82816
106978
105282
105790
94038
103023
105667
104674
102619
99595
79680
99541
88166
137089
95170
105714
89905
95791
102287
96072
87393
96119
100369
103415
100383
83870
99530
99521
99601
96213
100820
96308
139790
98637
90811
89393
114312
88408
96026
98410
23299
120670
96152
95913
120256
95406
68507
81879
94923
79788
249432
93693
92611
76692
104635
82782
91752
89235
90877
91514
91213
90521
87518
103525
100156
90399
85552
87107
84303
202582
256348
87148
87104
103531
88754
86163
88401
90014
73544
90628
87842
87773
86598
205475
87542
70617
100157
86845
85519
85904
106244
85758
83280
85655
84910
87247
78154
122676
85980
83114
80550
79744
78101
92763
82400
88478
87520
90680
92748
81187
81749
110038
80991
83267
70453
89095
209427
309367
80588
76331
83357
79792
86528
79174
76420
78570
77397
73107
198205
76831
122831
75506
77974
75968
75944
93162
218016
76238
72071
75219
72340
295586
75950
74834
76491
87738
223826
83393
74342
71728
71712
78364
73610
65817
82519
79795
72748
73618
72581
74284
72442
93038
153582
78839
128565
69541
115836
68898
73693
101767
88886
67743
125760
70651
70378
62699
86012
67371
67883
67280
68909
65820
66911
67642
74315
71322
65150
66276
67229
67330
66830
66738
116254
73320
66090
65854
63535
65798
65228
65925
72376
70538
106067
84508
195238
64043
250745
123217
72884
63248
64572
253214
63590
62959
62704
15907
62413
88564
66636
68818
62508
72649
70189
61929
86210
67176
61637
73863
81425
82661
92847
61585
61956
228236
61014
61211
54344
61789
60694
60622
62416
62234
70010
60573
61818
64958
57774
62474
57756
58937
53300
48891
85155
57532
62201
59138
55051
45666
56305
61740
56296
91932
125484
59445
59134
41727
290159
57408
67482
59124
45576
51817
59097
39644
42878
15621
46791
65268
43020
43113
43108
2947
42282
62598
45301
64044
292714
32727
64612
39255
42763
34594
39276
1420
39898
89694
35348
117021
244083
37678
34531
39468
128469
35094
34634
32415
39500
32757
61302
40290
242727
36473
32573
17967
99664
94939
32656
32023
31554
18352
31078
18347
114630
30703
18520
18614
18856
18053
25687
16395
7330
8624
8514
23431
1310
14880
41227
7597
17035
5829
5583
15114
22765
22043
14069
15118
31306
5726
57329
1395
15003
5371
4920
2742
1086
19117
2942
900
4955
13238
1568
16468
16063
4392
34638
4057
4533
2464
2370
14968
25992
246
443
2430
15681
10184
1940
5146
1406
429
1906
11245
4024
185
90
2673
45388
16033
4419
19880
4505
2342
11536
1475
4046
9799
1449
4556
30957
2041
12940
1274
3796
4630
1749
10615
4546
4586
594
2855
2777
615
5263
13706
12258
11994
3556
597
2327
1171
1536
14213
2221
3322
60572
4576
6767
4107
11105
474
58577
610
31624
3968
10906
1855
1527
4588
57324
2352
4594
3452
13286
4464
2474
500
9240
1570
1558
2583
3889
2025
14798
456
1400
4386
12208
126
2354
5200
4239
6647
4226
712
136873
4803
2264
1678
484
2440
2912
15800
287227
12916
1849
1803
2686
2191
3253
1964
1992
2184
2586
502
294674
1027
1925
1660
4482
2132
248017
87093
98566
137646
92591
60699
314
2675
33
2005
66584
655
764
346
204137
325035
204135
318203
323039
317375
284725
287009
261647
321960
321657
319338
278113
320579
319039
279471
278573
287527
289219
295999
296232
317771
316525
313721
255522
218274
317264
296052
314172
228671
315295
315939
318417
318073
259819
315213
302074
295778
233833
312508
318419
313973
131142
314748
313289
312506
312720
198178
318652
273160
309792
311022
257724
157194
318651
246473
302919
309978
306252
304790
304774
305165
304354
303109
303077
239385
258742
285889
136342
304031
278274
304400
318512
281555
270734
301715
281011
262259
242907
237052
247168
302768
295755
315568
286691
230926
233264
138505
273247
289411
318468
237289
296527
275722
254356
223326
300973
298616
246156
296303
274875
248416
297203
296509
300104
296258
287609
157239
274388
273754
297132
296423
261190
241388
294835
295597
228212
156390
294834
211224
231462
215401
295309
275724
233446
295003
114471
294019
292516
218257
285801
258256
290251
260458
292255
290036
227191
291945
241569
289163
290297
288055
285283
229236
218275
233256
236004
287652
316164
287731
241405
128331
286671
261363
157205
245079
207411
226346
202555
281371
282756
271309
208851
214787
114500
283085
282252
261790
282537
258927
245927
280409
258982
228721
280977
239006
281666
237529
228672
282401
274061
277463
273974
220513
255868
215798
226529
276230
202879
207517
279158
274921
212246
275689
234647
245256
252551
273132
218631
226071
210315
245026
222807
208921
158902
214528
262969
206925
273481
204098
202209
273266
273146
272313
259558
258898
258385
272473
272463
247518
270492
204136
235577
138501
131141
258582
253760
233282
271108
239005
271031
261102
262153
201480
258902
258900
214217
260877
221392
153577
118477
246748
261235
254799
263283
260994
230351
204139
258931
255037
236996
226705
251094
236018
238892
243975
227189
258328
257928
228669
255107
250724
251100
132503
226633
196977
114479
256208
246072
252130
255919
224042
254586
254659
209173
226102
239770
242904
230562
251091
223599
207334
244259
233954
157200
249583
216292
211358
197454
209750
243405
238843
216467
215799
204996
245263
157569
200908
214174
239478
157207
128330
244525
237313
227190
247763
223212
114481
126308
131433
119130
220074
243428
115999
138498
254010
133813
122226
236084
236144
241758
220286
236520
215421
103540
214806
215474
213786
239691
241308
240702
231301
202208
196308
234560
206689
204999
157195
234561
232941
233254
230226
220374
208920
134095
240592
210391
205082
201076
230228
230225
205482
233363
126501
157004
201413
156929
209077
226688
136840
210704
206017
245366
195814
218575
231311
215402
211020
209727
206966
229785
229382
229011
229060
114461
229023
228674
226511
126485
206817
228794
279891
128329
201304
155683
206419
210181
226802
226803
156610
225782
226645
211059
210702
114472
226675
220375
196214
156616
226644
226508
207519
224773
211049
202162
135615
223430
222806
215472
194573
154114
127948
128308
238838
202998
222674
224880
220372
218194
202212
201581
157199
224022
222408
214529
157212
203554
125462
121183
119064
223768
204412
208891
206022
157972
218268
127447
222390
220595
203344
201902
127706
220597
202213
218437
221166
215471
220155
220444
256188
92788
220088
216315
203178
217615
220343
216429
137430
135806
47907
217616
216907
217448
201478
121567
206816
197294
210213
112486
214520
137437
138561
137043
214940
156868
130567
156401
214374
155631
115996
211261
208336
204667
201897
157664
114463
202188
208751
210345
203085
157161
128306
210602
211937
124714
212440
211565
211357
210229
124958
225852
205272
210964
201852
157383
202017
200945
138987
83867
155427
204070
130996
209567
158900
157215
157210
131836
128384
114502
130464
206818
202597
135868
207459
135250
126929
92783
204554
206319
202137
156606
232125
207366
206566
205683
155226
205040
201285
122048
204577
204591
197357
114138
205501
117889
114466
205118
201886
205032
136315
156608
111800
202018
122053
119063
92782
155231
196906
153715
202972
202359
92830
135895
114105
202173
119060
105804
136733
128095
195292
194852
195420
152512
117933
154521
158307
156866
158017
195635
197107
136763
133733
92749
195780
195684
137872
118906
156812
122046
134465
158625
122066
125438
118904
135894
154820
156837
156609
114925
126484
124010
156101
195798
154795
115036
108291
127700
125935
128876
138999
88329
133903
128210
134297
115304
137871
195294
152529
137689
110695
135986
203884
92649
135211
135134
134381
127942
126164
114478
130372
130392
119069
114501
107113
126422
107004
127633
126794
131993
129902
91363
127635
124965
96715
95738
127907
113036
127637
129488
90461
205034
127548
84958
120608
126931
111312
122185
105971
124734
115673
106899
120907
105009
122668
279310
88396
121103
112945
117532
118699
114505
117176
114547
85271
114695
115044
93221
114125
114820
113888
109930
100010
111815
103992
112783
121445
111974
110119
88987
111586
89571
95479
95731
89499
107634
108485
129323
107576
107381
106984
92824
135110
103465
105055
104201
113903
97186
154010
105664
221437
103822
103554
115641
103076
97645
103102
101978
83605
104521
234834
110827
241267
100975
100802
90257
95520
102638
100120
81349
97084
93290
104486
99598
96734
99817
112091
98983
94404
92685
98779
232564
97082
65052
135379
93268
95339
95029
85801
82856
80402
95755
95543
95739
131364
94941
139612
131692
96705
87282
153648
214350
82653
93035
89440
91962
89563
90870
93191
110118
92894
117074
91475
91405
105615
90929
87994
91850
85349
117073
91433
89315
95239
120737
134483
88463
134520
129750
172054
86129
81131
112652
86800
83631
129925
75523
98303
95782
89666
131656
86830
81918
84915
88910
228825
86787
80006
135922
106147
84587
109759
84550
83558
83295
79787
79093
82728
81127
81358
246766
283529
117709
81147
109904
76231
83043
110168
86596
109760
80056
236819
80587
106146
66190
86090
79084
37158
109761
115835
79429
78822
74712
75782
76177
80225
77410
76773
71766
77947
106894
110527
256923
74016
210499
76405
71884
104065
212915
75500
75409
68665
67178
82707
73178
103396
93508
136710
71727
71725
69629
74323
68716
84387
93698
71738
72705
62285
96714
72350
91278
72027
71412
73919
71992
68915
105106
72089
78823
70540
70047
70628
62127
102940
70784
70386
69851
67991
68035
67195
66789
70823
69944
155824
67726
66551
74203
68780
85324
74911
68919
68427
68654
112193
66912
221295
67549
62126
120421
68324
67147
56317
67709
196362
65495
104287
68053
67175
67115
66456
32162
66837
114168
78826
66185
66111
65930
68208
65579
64481
66203
65766
62856
256257
66487
65291
113827
64513
65859
64551
64752
107968
63039
203051
92210
38472
135133
64220
62927
65334
63926
63722
63418
63328
62816
62689
63329
62815
62046
63398
65417
65016
62328
63181
62853
72482
62875
66419
62715
62783
62458
62196
62195
53425
65852
62530
108704
61889
62745
62273
64473
60791
61888
61741
62181
61692
61923
61915
61871
101129
214352
65425
61733
61550
104179
131333
61508
64909
102510
60554
62496
64844
61381
61399
67185
73456
61120
61118
46028
60888
60972
60912
156324
70615
51370
155069
223181
261825
65927
64905
54327
60892
61330
75534
56556
57754
57961
71906
57748
51425
58852
1403
50825
45013
62291
40044
113273
30276
59375
91181
61568
46879
44242
64850
46880
43856
59427
103649
106771
51890
46928
105151
43775
55518
46697
44169
46698
42272
40075
42329
34356
61720
39331
34391
46262
39302
38867
39336
39510
39715
39360
39048
35279
49297
39272
39297
54315
1413
38974
61478
32754
39358
60715
137042
57639
32716
39320
34573
76460
34415
32708
32200
133820
34891
32726
34406
34381
33213
33623
32815
31628
33400
31499
31936
36105
33091
117952
34327
21641
1436
17572
104859
31497
21510
15632
19092
18202
1421
21781
17507
17518
17519
12712
61709
18351
8509
1419
14956
33873
6549
8358
4194
7992
15079
34850
30916
1409
6974
5721
2739
3498
4053
3172
1877
1242
2919
5325
3527
36189
1255
4626
341
10219
132
4627
219
12763
3934
3535
4610
4623
3090
4015
1606
2317
2710
230660
89697
4605
30984
4598
4607
3428
552
1528
3122
2355
291930
4602
60682
46260
1437
4241
2345
1973
1739
543
2692
973
4575
67234
3745
3200
3288
2004
1300
2426
10079
31654
1434
1954
2822
2567
4230
1130
207
4568
2198
1546
1480
95
3050
2122
105477
6332
1334
1863
293246
16906
4429
1719
21735
3097
2901
21733
1101
271
1777
194
4087
6616
4574
2235
82247
10432
3319
384
3763
16908
2720
4545
4448
1750
1615
720
1931
3478
25
3973
1269
3828
4784
4459
136551
10077
918
4681
228697
33217
1620
77606
1647
1892
286360
82452
5920
278178
276161
71790
1396
46952
296206
73586
34307
66732
4604
322430
63174
44217
96648
46298
4656
60574
94664
60059
30983
200709
209867
12225
262838
296285
120089
65494
91239
78191
31910
45790
261145
127529
1950
31911
93405
42009
220542
66025
38693
300054
119051
81356
220150
71912
116799
15226
195670
39340
67075
259140
283428
12786
14929
47480
37854
212989
13916
279388
71446
1424
129552
61222
125282
70523
77169
308014
111110
110316
31917
4238
79141
117465
890
123249
154385
20111
4589
75450
62117
131041
60863
1425
61852
69740
94605
31991
210879
259837
206180
80350
66788
135157
2098
18123
58981
64196
61662
99966
63351
68854
42705
93816
303143
80671
79696
63409
113268
236994
72750
90937
240411
219246
4344
126280
74280
210268
100757
96102
86831
287429
74204
35610
224941
67026
271607
61663
204832
90802
312493
123591
82596
39852
108545
246246
196944
69557
146176
207332
100883
90955
74440
31251
75820
90462
223500
1549
92592
116135
205050
75006
278196
17611
78173
21729
67744
110070
46080
104699
207784
39659
105248
94523
90761
129600
63623
117376
43348
218342
85937
127865
283657
62320
70785
250060
102085
117581
136283
227975
84669
88324
71715
94796
247769
80968
96677
156898
72755
75758
207347
289271
123876
31585
285807
61671
66310
12998
93741
72002
112833
79242
217766
80623
236385
116725
62110
218843
252372
102904
197067
77240
64199
227371
300131
286801
139798
65294
87739
68421
240932
86031
235930
64010
111177
45783
218539
136915
61339
88803
113988
70485
62455
225320
38251
262928
91997
241138
154825
215720
104711
106009
68267
290295
259731
75208
75214
78473
278275
74415
84977
61664
210733
42573
214875
67683
112439
110534
236235
241454
254821
37585
203857
64783
81046
225634
223313
124834
204635
83639
211079
199001
243084
127714
234586
83095
237512
99489
66676
73223
287011
91552
278577
129959
73157
39218
111474
78471
130368
87083
83962
69293
67676
72844
96884
103768
223386
71578
73021
69581
195407
285739
289424
105214
114868
69061
310935
34158
230915
236033
281401
43017
99353
86942
71024
70626
94244
280511
39952
111141
100350
300894
78798
224263
72237
66488
1043
85922
86423
215092
243316
198004
297438
61628
238084
65784
16281
70748
195339
103786
218521
64414
63145
203164
210916
76557
157747
128883
235998
125910
76148
97400
308482
217553
228689
73549
225180
253811
262280
324115
155292
92983
312588
249597
13265
31586
70593
221300
59717
129478
70573
121509
116983
95594
133678
48462
85720
65945
322427
62741
229891
81357
69017
250923
95486
106651
219651
42025
204417
7248
203704
244623
76874
296534
90855
115577
247522
110356
10926
70881
90447
96462
249042
65493
292474
281016
91470
112836
118956
245648
261868
97727
99480
246483
129888
232766
90660
281013
252193
14766
83659
32406
271855
83164
87689
158154
71347
92408
259265
241811
220801
110283
97175
69470
96162
239287
251883
246799
61986
86957
81700
79746
306762
281010
136369
202783
233079
135840
244243
108284
60957
127599
244244
221504
129141
34186
76719
254482
273977
243202
205319
293608
230448
301001
249906
80795
74577
17149
248852
75701
100226
67166
80743
274776
202318
82199
79352
72305
93544
245703
67014
215001
313298
74802
255752
261615
93097
42445
302540
135340
245312
198064
261128
217837
222233
112166
255859
229962
261980
71349
74821
250504
80307
65292
7458
157065
94028
235355
210232
87049
213703
211051
111111
228547
135959
154861
76662
214999
135238
240993
209710
123548
101918
80169
82104
90720
253905
298343
73467
250505
99047
292532
225385
64254
34921
233686
249039
216082
279601
203616
258462
71411
94252
291506
219063
210955
216310
259288
108261
91557
85940
218177
226527
93846
128010
96571
245684
102316
195923
64165
61838
154887
251309
16660
97173
240440
69316
156888
154824
238458
77778
214582
63522
91275
95599
63201
216424
61678
138183
64840
72462
236000
93219
71225
152511
215866
233629
109958
66023
247246
67780
90669
128015
278127
79410
79130
196454
225647
99772
78036
218896
77529
87508
209110
102621
238151
69450
223447
117830
247043
241269
131305
195053
93785
283387
19845
230003
101873
60654
123403
290276
135897
53606
273051
84154
209226
100412
78869
210098
88052
194797
100333
108296
66776
96658
269161
156902
122781
310239
250162
277752
278009
63314
64555
99491
81355
242054
93233
99048
111743
95665
207333
204684
132983
125437
302854
73126
221112
220564
112163
51078
84380
157221
233592
216228
61611
71809
73132
222624
82456
252135
156716
84469
279884
97333
322803
226362
275592
116041
88728
285278
283673
93392
81290
73411
270420
76438
45923
91348
252425
208825
119988
134675
46385
75123
213609
247207
96608
212588
247784
6618
72792
242073
68126
243964
127323
66329
83127
97083
89641
240667
227004
102905
90721
258063
247453
79026
74728
209504
96481
7030
68945
88236
313100
208925
78385
234721
31816
88264
118443
76747
246992
300529
70767
241361
83941
90293
116386
133342
98830
113622
229958
218038
224229
81016
237316
61967
76705
203697
126035
224414
96659
100729
74074
97970
232616
282846
68799
76123
71181
113710
68358
281004
227139
85046
90814
88570
97766
132750
124416
202311
42368
65968
316544
79525
78434
257023
321338
201124
68467
241112
81983
196474
110126
97219
156406
255492
130330
221301
203698
274558
81292
158138
73671
87763
244890
156484
81354
94659
284744
256324
219788
297464
66080
67202
89092
112162
121659
303405
242876
244587
80737
87731
235349
265156
86752
211039
71890
87050
278146
132141
217945
272586
316898
88783
37425
89604
105797
89233
155019
304597
97425
77791
82237
115857
81240
102903
138190
205070
203740
65693
284792
254498
85220
263330
223300
106541
274008
256323
206010
84896
306207
3813
119773
64092
6100
279339
100349
281679
37636
123349
60956
231749
230069
117162
70437
127366
54607
20794
246485
248937
93484
73602
210939
154822
206686
249551
232865
94154
316973
138251
76922
255779
103810
219532
96977
214078
158646
93490
202577
154916
209332
80613
284488
126254
66008
94925
196857
136752
16069
281512
281006
99617
106761
289485
83105
82578
219652
81821
254389
245219
225399
94423
217710
78941
158691
279322
68708
282440
220056
204241
255086
88239
210269
1772
98772
65466
244207
120241
83125
259669
323111
254544
87553
262878
216985
116612
213573
91725
249928
124426
71577
208730
120168
137094
227837
211116
307534
71680
65856
288912
90766
65152
90260
90706
65566
263089
195926
61239
96777
254391
195359
134949
63454
95670
34142
88328
131028
220115
43152
228921
81559
276903
214079
88512
72752
132719
76178
285916
158141
45039
323660
230777
249054
138523
202306
117023
235924
101146
214603
304194
102846
155421
85427
224633
259882
113240
75907
8019
81940
111838
276472
3474
135155
4319
155094
77076
212553
137040
105748
83634
225120
228958
233205
133775
258035
249023
135652
4939
61194
156934
113457
97948
157926
262375
227042
311871
81686
7311
84647
54477
68293
124331
112314
103727
235995
250988
111616
80665
96713
129475
290230
79289
117678
114718
251608
195530
250463
87811
61174
93454
137520
301885
97009
82585
125350
101857
6192
270444
93811
207717
214997
245926
204367
76307
63787
214592
195636
62572
224819
83050
129604
118169
75540
62301
152471
223121
130270
231727
203281
96348
82209
279231
197429
131721
136308
110642
123856
243396
269160
261792
63350
218577
100897
92732
240114
211746
259730
323842
92926
217667
69926
133355
248982
90755
64649
137893
127289
66939
209708
105177
76305
253990
76796
70595
71967
78375
202010
275388
121710
258707
131488
204255
96160
278404
250178
114395
252257
95612
257788
79356
280946
201874
89557
275998
227318
2146
243248
94924
88548
90265
248394
231728
158083
206494
216386
94642
82462
127108
94795
84646
158876
210942
210039
133359
66431
262920
37970
197588
83165
103411
139547
226135
46504
203202
215333
115567
130523
255251
157080
76201
158139
78239
242875
252739
128979
113984
209648
119565
80308
83381
71373
240581
134581
155795
94045
112164
284605
135730
93522
78797
83880
119464
68786
214088
210235
85701
244571
213241
315438
68394
95484
100698
62152
33544
127325
221869
95718
62104
252605
242977
60655
208834
139280
78685
271885
69864
213635
128252
68435
157219
136699
203935
236450
241883
203555
256220
263346
70897
106292
229153
122579
210107
61606
88516
298698
23974
89113
286822
197679
72615
239137
67084
102712
224900
99610
135037
229221
99657
125972
76652
223785
318880
84107
243200
97539
129832
241473
121745
43500
76409
195747
69373
118043
128251
206903
61890
285009
87313
217309
116912
261545
155594
129612
211705
88378
134029
242392
285205
205214
112933
234674
103425
245264
318422
242845
210750
284241
110545
216572
74829
104157
259259
84155
135814
229302
251414
233452
86824
241795
235228
276083
243073
45273
87024
271406
232433
112837
93899
112747
72549
65315
95638
197235
116600
99002
67264
222972
123594
247756
74495
293613
219346
95231
111625
283370
202905
83519
318188
69538
89852
82798
247441
196526
242879
285042
138663
79991
104229
65251
31422
257221
66660
135918
244431
243403
99509
7803
89642
210218
41889
57646
232342
71308
86151
287978
202864
158396
86784
226531
72396
69857
316920
250312
43135
90407
98187
210905
123534
88584
93736
255690
218475
42382
219053
260264
195822
221291
82357
252751
204027
112834
85841
146173
285273
100074
86456
247830
290692
291256
71007
73472
44821
216223
318167
230034
99581
62863
100617
93808
116249
81337
21297
92684
41733
79888
157285
279283
158325
138600
133357
37666
278922
220998
247829
292126
48455
246026
81006
287868
124578
315494
203187
101200
292625
94750
222024
66309
320472
112169
253451
209459
74706
66806
67148
217529
220932
95110
100963
96870
6793
76663
112152
116045
223400
74851
67960
53441
132171
76819
319919
81145
200731
272467
78074
122169
245265
275624
153950
222314
87527
249586
92584
82469
41825
79948
259856
236449
73581
107442
235913
129676
103416
117682
119847
296064
315159
87194
69809
247670
102562
262273
101396
201213
299800
278006
133064
76567
302723
271152
66647
89785
279868
80055
283917
34818
136368
87547
93826
133700
65345
219066
132009
108268
103506
84112
206087
74939
254721
224021
283776
283647
129418
285636
252020
123491
81532
97266
73017
261510
110115
83412
283484
105555
72633
100833
83109
237964
97861
79008
154647
94413
216322
95066
93297
119180
253249
130077
112442
69090
139289
130688
232811
307682
94625
132188
92916
135022
248345
226772
107387
158694
298706
210195
47091
4755
98494
272466
225467
293431
212408
306129
102360
270364
155491
115521
103445
207878
91656
35305
156935
213895
153268
272299
89221
155499
127753
316295
203805
250850
86640
239017
198090
110529
129495
212818
114187
209167
217522
297517
310045
137967
283367
87172
321597
136125
86546
312423
67706
117184
95467
133086
318262
322426
120395
93781
118479
262955
103086
217858
108298
93960
96161
71497
221120
84559
221802
131651
271418
129933
91545
261646
31387
299878
208691
106465
158345
76954
64038
169590
257513
81902
89504
61054
78400
207841
114183
283645
293432
21421
110862
87548
235345
271360
212869
73275
76604
84111
88775
241373
203502
135035
283368
233750
114053
83478
258306
233237
276582
96815
219819
128036
210945
76715
94425
66248
210946
278421
105904
99356
89317
77400
248126
231677
158764
195930
280976
128008
127372
224047
241501
68410
274979
91472
131830
109369
283022
91505
133537
133784
83248
156714
106238
107422
88850
121040
283354
100052
95601
230371
86733
7173
158155
298234
93514
311991
223119
211069
69886
112745
90602
282792
246025
316945
247831
131589
315595
250783
126698
274955
93953
252741
97180
36327
156077
300999
312758
226548
135144
228920
215586
156883
315596
223668
243861
67059
103174
220499
248123
114201
239966
86621
99807
31360
115497
195928
116986
213272
195841
215441
248984
113246
75116
128068
235356
139566
77601
105288
74044
195345
98805
138273
231739
204062
110343
87387
127626
271236
133979
128217
290231
286788
278338
210532
280890
283650
126647
83996
2268
124337
81704
213608
69919
133356
115690
158809
319934
237983
90129
99517
96997
96425
158233
282394
246027
235779
283197
230418
121241
119105
273081
64113
94830
70372
220538
91016
249812
212921
96989
154827
169588
287390
296263
242238
138436
82834
270654
101400
85837
74104
90665
213611
275571
79385
230372
70580
75552
226216
96346
283579
91056
259383
197190
225335
91724
158697
220030
296238
229906
275144
228957
280888
74222
218137
253361
261649
123138
235571
93878
213134
97959
91699
83238
85703
215492
107304
196907
155545
83300
209793
126829
82193
254930
99769
110317
97401
224557
234423
127643
230939
73681
80707
130477
275464
232912
295167
218695
127424
83247
93016
234729
234239
253736
214091
281678
77393
219064
136076
213612
230370
85424
115970
216227
94587
197248
75871
312167
85833
94107
225152
116736
75297
100043
283648
249548
104555
102878
235350
286867
299403
238557
158088
109819
218530
224490
283610
293703
231380
113877
80759
62391
283392
138328
218428
96129
153519
214609
85958
30072
106754
118815
216811
83245
210694
119122
127425
78938
130364
252747
69137
72541
64439
278100
282201
205166
231725
94696
93886
291583
292493
256052
114591
212630
133620
207796
222792
206344
92443
103759
85418
139792
87814
105305
214128
297454
56994
119284
85486
230127
113600
203949
278877
114705
88393
315704
259709
293808
126525
235555
209725
87822
70454
75814
216005
257168
277789
84761
231452
194682
88071
218994
135864
227381
285084
271128
244616
201331
104999
194899
102192
67329
234034
81315
87815
79126
86769
307923
135726
252591
214257
91264
157008
310070
214180
262252
111462
15780
134367
248716
298554
62415
70508
300594
238046
122672
98308
299483
249855
114893
94660
302012
40484
259881
243456
81876
206510
137650
217699
197428
216937
111761
286162
237101
271001
202880
218576
322302
112454
119819
78734
70490
77416
82862
69067
233343
95041
116989
65977
134906
156595
107851
94156
84452
130839
10779
258897
255810
90290
156441
218184
125970
99633
94801
233232
94462
224981
280609
73673
70781
95071
134364
196556
225261
84310
197427
100605
77020
241816
312046
136394
72734
196122
119337
256355
225292
104108
76153
114992
293205
318421
105489
99626
288908
220229
116250
69993
241168
283072
285906
128255
87600
110167
238959
321596
111772
97543
233064
203552
283717
217528
127571
118876
235997
87611
212870
289123
129677
278004
103849
120849
105306
102355
213193
154535
243149
303072
246496
126817
2252
82656
224740
98492
215629
106590
227322
154810
237458
310100
226126
279942
132997
262275
234630
80280
289742
241199
261009
95651
209407
84216
99335
94813
195900
114156
252125
246698
296549
211694
261887
263035
138027
204304
241480
136323
109616
113372
98510
74100
293368
215912
315755
318906
280872
102496
87832
80626
249104
215117
72671
79892
274820
134057
128013
94614
83470
278011
313969
287131
241140
249018
306657
78435
78418
134958
86636
201006
152291
110152
87663
309476
255650
99935
126386
157709
208264
88168
254827
282651
139799
207642
132158
92204
94384
262281
206246
110512
80513
84655
114419
91290
260565
212284
135411
118439
241948
276292
67027
277805
134902
18712
155618
119815
231681
97441
304068
85308
211638
26101
286338
205106
208527
204852
228051
94515
157726
71882
96049
113178
126526
253384
283441
289486
157932
213471
51001
207461
316790
251842
156591
298682
204617
68302
248795
119237
69930
262277
81679
228550
129662
282405
158913
91794
91766
37995
247634
129057
139686
112440
99387
93888
211942
153588
129716
224387
123531
212186
320935
128250
258923
132105
85202
286840
121171
289228
231483
118241
157717
83602
137440
128240
248664
126840
64823
95730
77591
283396
241455
92829
107363
231738
102901
75009
80793
103831
129024
105213
283483
128424
208855
89545
86943
78597
114404
261034
223666
232401
224710
245754
230323
137003
124031
114066
235300
287615
210922
253030
107888
101531
259354
308558
206709
127723
220783
139155
156407
103505
229854
210461
106514
102349
197979
80309
130521
204129
270973
131808
216797
253833
78704
126528
277544
259207
272730
132797
230043
105689
84777
281374
285631
155895
221522
84651
80366
199175
76498
114171
73061
83723
94647
250789
232988
79431
139396
80865
283390
96532
305379
288915
70420
78087
126304
282238
87846
297304
96676
89008
202886
119831
216604
215875
206075
102084
253741
91491
126387
222559
217662
226907
120582
274023
215874
110412
68545
306074
218804
230815
137570
277010
275306
105488
69850
74153
110186
201105
100407
97062
218476
324633
115391
246178
130950
242394
36162
100379
207704
83689
58559
106753
320934
214454
82110
232684
119148
92150
245782
98735
224333
205857
115033
195258
196511
69959
80942
94150
203688
102281
253265
227859
208720
253028
206910
83414
215344
248294
294011
113823
213550
218583
133304
82257
305995
96557
214258
298699
131260
228923
225462
246170
91065
96208
221913
91701
125574
321420
90274
255345
156135
207470
87799
83061
114649
244842
94611
89171
105034
134955
262418
78319
110193
103035
95852
74579
97584
300741
294282
137571
157514
89505
242181
112860
207748
158648
235540
127426
78847
219134
261617
87848
204302
288913
111086
158763
137569
290682
280885
231331
152336
73807
73792
292225
241849
299713
129675
299675
226404
240105
111597
127451
302696
73638
209032
83673
158296
112538
153574
297492
236022
212060
281500
103407
83039
231297
126531
95074
100429
232644
258154
68375
229736
247833
95465
95579
210267
138400
225351
120587
75892
274413
195298
210834
215232
205403
83591
236787
83066
285911
237806
248509
198200
126396
101262
108987
95851
82368
249589
214668
211269
109000
132262
273212
223663
255728
314297
245251
234053
129674
106709
282628
115569
234739
29451
132128
81520
299286
205215
249828
236072
281592
248470
77061
107485
134365
133090
76453
195927
94884
271899
115555
101836
217460
118945
194838
80246
89005
88589
88189
236505
270480
99573
137903
86807
253985
32035
287366
205788
50016
258124
113647
99103
131584
85276
237457
238755
248484
297791
119861
95121
124561
95986
131594
106373
316804
270976
207242
224035
247569
87216
229122
127940
233881
77700
158762
115756
83709
153671
155973
93723
203123
321426
87858
221048
236006
125629
91252
260808
233051
206492
211664
290865
275146
209663
252047
98762
208130
236406
94913
242663
106525
69008
304849
89295
81708
228628
257209
214302
303173
67708
89755
156658
82804
83653
137584
242433
107671
283967
272494
235914
154302
225621
205798
219067
204777
99954
238091
106359
127428
101680
121628
81002
86616
289420
65434
111495
129855
95417
203280
249046
228739
128246
252100
316324
197526
226684
128641
73113
239824
139132
250361
89066
202638
236846
81284
294611
124084
205434
89899
127617
95284
255803
221744
156397
313338
242739
152293
222839
115947
75293
294726
76808
129206
229550
97390
128254
245047
223669
213803
297010
285380
210529
104043
62600
106513
105844
95637
109607
120717
225732
253913
135799
235441
211642
212446
84552
114604
287503
98855
120008
114732
230716
99620
88366
258558
92097
79099
239243
117656
130969
107451
242396
65517
95609
67351
213288
106173
214949
282209
133358
113415
107904
136881
270977
205722
124873
79932
213254
279392
110749
245551
313995
101255
208589
114185
112278
208952
247096
156867
257207
211084
315952
289458
274912
199935
81521
132013
290388
109293
57006
78412
247665
104669
289046
73073
248114
82498
309113
321125
224920
211104
296069
92379
298620
283646
294191
112869
90725
79168
118111
271200
70830
205657
130119
86169
319957
106530
213345
83462
95953
231860
69273
253485
223601
153966
210818
278505
95387
82631
121629
215091
195925
125027
105125
153631
133089
111928
171396
241734
127916
85159
199951
207512
95661
253396
75140
260566
281794
105274
137899
288106
213779
275908
210971
82949
223589
205902
111726
113450
120040
233402
256227
204416
97164
139177
227890
77134
155496
234255
139401
100746
108347
226938
112060
206088
299320
216575
154170
106526
125546
96218
242989
210071
240196
287420
306517
91047
81309
233722
304936
112917
156572
207258
321628
131114
137004
72888
106528
274905
78827
102246
278701
232745
288119
253635
215871
158634
118754
214669
83108
211848
85956
248677
136101
208244
270912
301498
279991
225830
90982
204418
198097
233060
156076
105304
209072
239186
238094
293130
139301
288910
229277
209241
132583
310302
258155
81208
257206
207941
128500
93059
252993
240402
90295
243182
234765
157429
107011
92381
82157
29143
205793
134678
95715
130245
90921
283784
137303
241945
215662
125969
290323
220650
132850
124414
106005
79078
95927
291961
130044
208422
242531
202065
107625
121424
105203
298867
134366
102343
132012
116215
96642
122249
94661
119151
90137
228701
284401
232838
236207
137717
245015
230587
134369
262279
207083
46861
81852
233759
293817
108824
138995
76809
158511
231015
232840
113315
127575
80247
139118
91089
236447
232944
137439
134053
103520
101090
98033
287540
321411
105029
249068
292687
257183
321476
104270
81042
115085
236340
321470
128480
206225
108579
29798
109480
224199
77124
232741
238781
273486
214837
249065
211177
84451
223217
320318
217886
239967
318843
98828
229167
215052
294353
121973
274275
292099
257156
289281
273302
276190
204091
249307
290219
206464
250132
296204
232404
218105
313117
229942
258031
287364
275909
254730
281056
304749
117840
206791
26329
304796
289208
275549
37336
273072
305672
314324
291275
265169
272315
229544
322992
299167
318179
317143
313454
290856
289560
312722
308767
305997
262967
275557
253750
298846
297802
253391
289567
301809
298844
247732
254701
271823
294876
292462
291853
256585
282197
282886
283846
283186
282885
242867
275277
277020
277024
261604
243006
220089
240903
226174
262193
224732
262469
308280
258314
258734
252549
257631
255137
255124
234061
158300
247704
293772
208942
123625
245009
248380
227192
226285
207718
242757
216637
238127
240706
220073
236400
114655
195241
235452
234037
209922
133748
113962
222236
220834
223628
200701
223418
210249
219077
221122
220793
220366
202097
109377
211698
214951
213340
211779
158811
132600
201877
210805
221230
205026
203489
133908
203423
204125
201717
114068
201819
153528
153524
122235
126027
122194
137122
121658
124271
133174
131013
214296
126824
119243
124920
121066
99588
119203
120617
105289
247073
99583
99486
85949
96231
98996
94372
95265
95004
93260
86848
92461
97854
90424
90788
88630
87775
214911
203962
95140
81144
80748
81026
80490
78976
78533
74140
76534
75383
71789
73698
70104
71128
69158
69866
68603
75578
66548
65876
62852
103788
63240
121920
67098
62476
64198
61418
61463
66084
61387
60797
231393
61854
64401
73489
292238
48865
44469
56219
1423
63893
58957
45094
57607
46910
59500
1415
43901
33880
43082
39279
38657
39416
36994
39107
34996
32692
32798
32709
31623
31559
31343
31356
17610
1435
31673
7869
7636
14826
2755
3878
1405
34521
4466
36
3605
2458
1600
16841
2038
130
2284
923
2129
1431
79
12502
14658
1795
376
1981
2408
2190
537
10821
1835
2224
2429
3107
3814
363
13943
580
3022
153395
403
160
46732
1823
75417